1, 0, 2450,1666.8074940502943 
1, 1, 2450,1690.7247713703293 
1, 2, 2450,1671.047197829474 
1, 3, 2450,1645.6041075507435 
1, 4, 2450,1705.3640862486423 
1, 5, 2450,1653.5498239248857 
1, 6, 2650,1680.2034358548924 
1, 7, 2650,1613.2008303964883 
1, 8, 1700,1528.5511724730338 
1, 9, 1750,1532.0069197037596 
1, 10, 1700,1592.4331012065095 
1, 11, 2250,1701.603521815392 
1, 12, 2250,1678.8027088831896 
1, 13, 2250,1811.4447467993803 
1, 14, 2750,1764.4995284381873 
1, 15, 2450,1761.1030175386784 
1, 16, 2300,1795.2740991027222 
1, 17, 2700,1674.449932293461 
1, 18, 2250,1552.994500695968 
1, 19, 2250,1727.8216565281489 
1, 20, 2200,1769.8241509405746 
1, 21, 2250,1680.813520563507 
1, 22, 2800,1813.0868259363197 
1, 23, 1800,1792.8090790542628 
1, 24, 1800,1586.3085284630943 
1, 25, 2200,1827.5470671991689 
1, 26, 2250,1703.848510717648 
1, 27, 1850,1603.6904251750022 
1, 28, 2200,1703.9911556653863 
1, 29, 2200,1644.6948690019105 
1, 30, 2450,1696.537174316668 
1, 31, 2200,1842.7441658043747 
1, 32, 3200,1879.0801397804116 
1, 33, 3300,1810.9141616901948 
1, 34, 2200,1784.2608746163967 
1, 35, 2350,1916.6972329578512 
1, 36, 2400,1794.6339769187227 
1, 37, 2850,1932.4580045615323 
1, 38, 1850,1773.3785452199609 
1, 39, 1550,1688.0623642077164 
1, 40, 2200,1610.2521133930763 
1, 41, 1750,1729.784464298744 
1, 42, 1750,1638.1884395991701 
1, 43, 1250,1666.519387432042 
1, 44, 2100,1826.2026617043798 
1, 45, 1250,1605.3398110963637 
1, 46, 1850,1657.0677369523808 
1, 47, 1400,1495.1355467081582 
1, 48, 1850,1532.753843066245 
1, 49, 1850,1528.504501171328 
1, 50, 1400,1625.0970444993136 
1, 51, 2100,1693.4815611573094 
1, 52, 1900,1450.9749421779422 
1, 53, 1350,1397.0686302310842 
1, 54, 1700,1556.235421415631 
1, 55, 1850,1555.7104811018344 
1, 56, 2150,1661.0681728175623 
1, 57, 2400,1729.1379880790837 
1, 58, 1550,1619.9416219684765 
1, 59, 2250,1876.2672485226587 
1, 60, 2450,1670.9351401009683 
1, 61, 4150,1800.486466250584 
1, 62, 2250,1783.7597904143342 
1, 63, 2250,1803.2526027972203 
1, 64, 2250,1954.9163613305761 
1, 65, 2250,2017.9184694865523 
1, 66, 2250,1786.584122923639 
1, 67, 2400,1940.964237619326 
1, 68, 2800,1892.8266367440197 
1, 69, 3000,1993.5818736306485 
1, 70, 3200,2049.6904792202313 
1, 71, 3250,2008.1155420699852 
1, 72, 2800,1900.1341659169357 
1, 73, 2600,1928.9272545991344 
1, 74, 2900,1796.339923625849 
1, 75, 2850,1854.6923156843525 
1, 76, 2600,1994.8712016346096 
1, 77, 3100,1862.2715438491518 
1, 78, 2650,1787.3643905612712 
1, 79, 2650,1943.5349315880665 
1, 80, 2600,1835.3115360459744 
1, 81, 2850,1910.0940666454999 
1, 82, 2150,1705.8591839760852 
1, 83, 2300,1698.00060677435 
1, 84, 1850,1622.4693581642207 
1, 85, 1850,1485.1184355723176 
1, 86, 1850,1477.2890131192435 
1, 87, 2400,1414.6316935099496 
1, 88, 2800,1486.6152831179961 
1, 89, 2500,1490.8010015634636 
1, 90, 3000,1439.3569692221888 
1, 91, 2500,1632.4595683888292 
1, 92, 1900,1409.916091063005 
1, 93, 2050,1432.4236013614736 
1, 94, 2550,1645.6378671806838 
1, 95, 2550,1460.7472662160199 
1, 96, 2550,1506.524111652349 
1, 97, 2350,1563.798470572745 
1, 98, 3050,1512.9303795394333 
1, 99, 2300,1558.1829452631969 
1, 100, 2500,1319.8196808272673 
1, 101, 3050,1411.1142527603618 
1, 102, 3100,1427.8998493584834 
1, 103, 3050,1463.358096704945 
1, 104, 3050,1422.3199145740523 
1, 105, 3300,1425.58015834915 
1, 106, 3350,1501.5691287732473 
1, 107, 3500,1605.8173129046288 
1, 108, 3300,1686.0697081099763 
1, 109, 3300,1846.9108114509877 
1, 110, 3300,1752.8666275964679 
1, 111, 3300,1733.9523952781717 
1, 112, 3550,1795.3415448393832 
1, 113, 3050,1836.4989199093702 
1, 114, 3050,1867.4662789540012 
1, 115, 3050,1697.1380395396613 
1, 116, 3450,1715.7246606350072 
1, 117, 3500,1995.1108801874707 
1, 118, 3450,1945.6397768893762 
1, 119, 3500,2077.3314150806095 
1, 120, 3550,2073.356961767339 
1, 121, 4600,1972.250099390403 
1, 122, 3450,1874.0266160265062 
1, 123, 3450,1800.3099480619744 
1, 124, 3450,1637.0874451385616 
1, 125, 3450,1873.1028112237036 
1, 126, 3450,1927.83301961429 
1, 127, 3450,1703.7744047326871 
1, 128, 3550,1748.0883498232802 
1, 129, 3500,1751.2477514243058 
1, 130, 2450,1742.2187032921584 
1, 131, 2450,1608.8513846150545 
1, 132, 3200,1880.396678008836 
1, 133, 3200,1889.8923062685158 
1, 134, 2750,1856.0081934467353 
1, 135, 2500,1988.7904933055734 
1, 136, 2950,1893.2412349559086 
1, 137, 2500,1963.998896808923 
1, 138, 2500,1886.1164740109116 
1, 139, 3550,1988.4019140297496 
1, 140, 3100,1804.6446109184965 
1, 141, 3700,1891.195108758993 
1, 142, 3700,1774.8222275467308 
1, 143, 2550,1736.9190039442328 
1, 144, 3500,1690.7785398174033 
1, 145, 3500,1904.2628282860323 
1, 146, 3500,1860.0436483419883 
1, 147, 3500,1814.0235846472794 
1, 148, 3500,1722.5400407303139 
1, 149, 3950,1899.2605552071198 
1, 150, 3500,1801.843612537005 
1, 151, 3500,1756.6826949990402 
1, 152, 3500,1705.8887905301933 
1, 153, 3500,1702.2489580409544 
1, 154, 3500,1635.8592095701126 
1, 155, 2750,1730.6665820376315 
1, 156, 2750,1367.8575742504565 
1, 157, 2750,1507.0457420685243 
1, 158, 2850,1737.8812712988517 
1, 159, 2750,1514.0420180177405 
1, 160, 2850,1491.888759494846 
1, 161, 2750,1365.2449182724274 
1, 162, 2800,1500.1754106191258 
1, 163, 2950,1503.4720758392166 
1, 164, 2750,1488.4276667651402 
1, 165, 2950,1544.9719686254452 
1, 166, 2750,1536.0663226159043 
1, 167, 2750,1585.2638948016245 
1, 168, 3250,1563.7635093361507 
1, 169, 2750,1410.7183498580653 
1, 170, 3250,1346.7506724473442 
1, 171, 3250,1740.694160849677 
1, 172, 2650,1572.47504838003 
1, 173, 1900,1463.3212534877948 
1, 174, 3150,1640.8622856303452 
1, 175, 3150,1658.0379666913236 
1, 176, 2000,1508.8958435447646 
1, 177, 2750,1746.3869629158437 
1, 178, 2750,1495.6877408676646 
1, 179, 3600,1601.9321509232582 
1, 180, 2850,1678.305121486579 
1, 181, 3000,1671.0521091561302 
1, 182, 2250,1772.5495961205347 
1, 183, 3400,1797.5991283549918 
1, 184, 2400,1710.1505486330434 
1, 185, 2300,1528.8088715259883 
1, 186, 3000,1826.2626046136138 
1, 187, 3250,1754.546475113536 
1, 188, 3250,1586.5701364830356 
1, 189, 3150,1751.118762160899 
1, 190, 3750,1775.1121034452951 
1, 191, 4100,1872.1976364419943 
1, 192, 3300,2010.915854966979 
1, 193, 3900,1892.9573757120434 
1, 194, 3150,1930.5057692875525 
1, 195, 4150,1994.8339846369738 
1, 196, 3350,2074.0617326172023 
1, 197, 3350,1923.2261931189971 
1, 198, 3900,2106.146548279175 
1, 199, 5200,2114.297409390064 
2, 0, 2600,1724.897596140628 
2, 1, 2600,1716.114650875487 
2, 2, 2600,1756.8477854993987 
2, 3, 2600,1680.0474981260488 
2, 4, 2600,1691.3011995131876 
2, 5, 2600,1697.2538723098282 
2, 6, 2600,1651.3981679446388 
2, 7, 2800,1788.570545424361 
2, 8, 2650,1828.6921970400463 
2, 9, 2650,1827.6752220161318 
2, 10, 3050,1959.3162588056584 
2, 11, 2650,1971.45353493407 
2, 12, 2650,1950.6774270089927 
2, 13, 2900,2068.228820644721 
2, 14, 2900,1998.374086576132 
2, 15, 2900,1951.1910374554473 
2, 16, 3400,1969.2260567609455 
2, 17, 2850,2137.0220831424235 
2, 18, 2700,1802.8963790344008 
2, 19, 3200,1714.3721058077551 
2, 20, 3200,1785.3924673937277 
2, 21, 3200,1845.6481027519626 
2, 22, 3900,1894.1080227960078 
2, 23, 3250,1906.8195001259573 
2, 24, 3250,1996.7587371902132 
2, 25, 3200,1708.3463414138896 
2, 26, 3200,1645.767374972919 
2, 27, 3200,1781.5181217663262 
2, 28, 2550,1600.8993684422478 
2, 29, 2550,1588.1164594855406 
2, 30, 3050,1721.002981585524 
2, 31, 3100,1670.748335327616 
2, 32, 2550,1530.7998668419175 
2, 33, 2550,1554.2722971659032 
2, 34, 2400,1890.2244535632494 
2, 35, 2400,1555.3728157453427 
2, 36, 2750,1626.3625988783385 
2, 37, 2750,1616.2758040469066 
2, 38, 2200,1579.343537708313 
2, 39, 2200,1725.2606302887232 
2, 40, 2200,1659.5091765551365 
2, 41, 2550,1630.5359470884027 
2, 42, 2750,1584.3518255333022 
2, 43, 2400,1565.3342980483321 
2, 44, 2850,1685.371103815346 
2, 45, 2300,1566.876194886185 
2, 46, 2450,1911.8315825406798 
2, 47, 2350,1641.837477654321 
2, 48, 2350,1601.780180759753 
2, 49, 2350,1520.1245961692707 
2, 50, 2300,1712.3101531574414 
2, 51, 1800,1842.1416499785946 
2, 52, 3000,1624.9863247287824 
2, 53, 2800,1672.3124828823231 
2, 54, 2350,1630.0117741410288 
2, 55, 1500,1576.2167818654716 
2, 56, 950,1529.6380868583512 
2, 57, 2300,1698.1733353128816 
2, 58, 2300,1554.2125876715734 
2, 59, 2300,1691.5472416421217 
2, 60, 2400,1560.1278761367575 
2, 61, 2750,1550.7329645276543 
2, 62, 2300,1575.7701339825917 
2, 63, 2500,1489.91559655186 
2, 64, 2300,1316.9902747698573 
2, 65, 2550,1412.999799838427 
2, 66, 2550,1577.267407495468 
2, 67, 3000,1338.3715417769401 
2, 68, 2300,1303.4143197344767 
2, 69, 2300,1525.159041218358 
2, 70, 3800,1605.3380021073758 
2, 71, 2300,1583.799293477618 
2, 72, 2600,1705.4880962541622 
2, 73, 2600,1633.6057286774176 
2, 74, 2600,1737.9237002465868 
2, 75, 2300,1729.4165390837934 
2, 76, 2800,1832.3255494567331 
2, 77, 2800,1893.17454253031 
2, 78, 2800,1746.0463275004413 
2, 79, 2800,1761.9708891299579 
2, 80, 2200,1794.707356353535 
2, 81, 3600,1963.1558287820171 
2, 82, 3300,1990.4404745754853 
2, 83, 3100,2216.2738316755213 
2, 84, 2300,2011.1037097358085 
2, 85, 2300,2090.2989008631025 
2, 86, 2300,1957.4707965106195 
2, 87, 2500,2008.0793879433224 
2, 88, 2800,2001.1360409890815 
2, 89, 3350,2003.1799845508267 
2, 90, 3350,2087.027028617938 
2, 91, 3450,2287.7128978589735 
2, 92, 3100,2134.722263296596 
2, 93, 3550,2228.6384392559717 
2, 94, 3200,2331.3703322858482 
2, 95, 3550,2206.245210599431 
2, 96, 3450,2334.211739419636 
2, 97, 3800,2313.057958895998 
2, 98, 3450,2452.0830147266856 
2, 99, 3800,2673.470250782339 
2, 100, 3450,2501.8578955034454 
2, 101, 3450,2610.25846276269 
2, 102, 3450,2564.115418382698 
2, 103, 3550,2605.4885251225833 
2, 104, 4200,2747.911006381011 
2, 105, 4200,2353.2805385098677 
2, 106, 3450,2310.501880413418 
2, 107, 3450,2028.5310901828407 
2, 108, 3100,2095.669597194668 
2, 109, 3100,1943.254260567083 
2, 110, 3450,2048.710114026172 
2, 111, 4200,2088.03536049241 
2, 112, 3500,2138.1470312569077 
2, 113, 3500,2028.401557578745 
2, 114, 3100,1920.4011049883313 
2, 115, 3150,2146.201424739895 
2, 116, 3350,2023.2818499765287 
2, 117, 3150,1864.7080498327643 
2, 118, 3900,2112.1396949323903 
2, 119, 3950,1950.7040945890446 
2, 120, 4050,1904.1206645195848 
2, 121, 3550,1696.4963896218583 
2, 122, 3550,1424.2711231795836 
2, 123, 3950,1473.5619594997859 
2, 124, 3400,1357.249428108559 
2, 125, 3700,1491.3619123255608 
2, 126, 3500,1626.832688373207 
2, 127, 3500,1492.9527213823044 
2, 128, 3550,1425.1967788996221 
2, 129, 3100,1388.0583779531971 
2, 130, 2950,1465.599732450022 
2, 131, 2800,1527.9625140835244 
2, 132, 2850,1479.487609227798 
2, 133, 3150,1629.0236897658 
2, 134, 2950,1538.4449547474485 
2, 135, 4200,1408.7657575324436 
2, 136, 4200,1355.0 
2, 137, 4200,1351.905781637257 
2, 138, 2650,1273.3645680763711 
2, 139, 3100,1346.594188718676 
2, 140, 2650,1435.4459413384575 
2, 141, 2800,1356.154229034918 
2, 142, 2650,1529.0965015691818 
2, 143, 3050,1590.8268449158916 
2, 144, 4150,1609.84847771836 
2, 145, 4100,1553.7900876127496 
2, 146, 4100,1629.731572989859 
2, 147, 4200,1723.465208013299 
2, 148, 4100,1659.4705252707636 
2, 149, 4100,1672.5426720711762 
2, 150, 4100,1766.8109575152514 
2, 151, 4100,2013.4910509165945 
2, 152, 4100,1841.8723318592652 
2, 153, 3500,1881.381128186139 
2, 154, 4000,1941.4500464416494 
2, 155, 4000,1748.1628885342707 
2, 156, 4000,1783.5256197665444 
2, 157, 4450,1849.5342028945472 
2, 158, 3350,1873.5171914521272 
2, 159, 3350,1623.1295373288895 
2, 160, 3350,1725.592490840304 
2, 161, 3400,1987.9907119267612 
2, 162, 3400,1653.0733544375807 
2, 163, 3400,1688.7305464714786 
2, 164, 3400,1625.5612861253478 
2, 165, 3400,1693.2560081366637 
2, 166, 3350,1852.0817525643458 
2, 167, 4500,1850.0528930467656 
2, 168, 3450,1998.4071308434777 
2, 169, 3050,1756.8057417203001 
2, 170, 2350,1661.3703726597255 
2, 171, 2800,1694.207227972166 
2, 172, 3300,1563.7590684764787 
2, 173, 2350,1608.7308348477377 
2, 174, 2350,1603.534290940553 
2, 175, 2200,1642.6920348051003 
2, 176, 2300,1579.0407521560983 
2, 177, 1800,1573.9286880769139 
2, 178, 3100,1662.418829187267 
2, 179, 2650,1578.8609882450135 
2, 180, 2850,1586.266501613589 
2, 181, 3350,1854.0413815350628 
2, 182, 3350,1715.0736209424147 
2, 183, 3050,1707.0320246947138 
2, 184, 3050,1668.3575513635917 
2, 185, 3350,1760.9065617436715 
2, 186, 3350,1813.7254478007414 
2, 187, 3800,1818.79219552566 
2, 188, 3600,1780.5159705018434 
2, 189, 4550,1774.0419949933541 
2, 190, 4050,1811.746952585272 
2, 191, 3550,1640.0969267982089 
2, 192, 4900,1767.889513893143 
2, 193, 3800,1666.0814123947464 
2, 194, 4200,1767.027121604207 
2, 195, 4200,1930.0789615919339 
2, 196, 4200,1807.2996626755262 
2, 197, 4200,1833.093923762046 
2, 198, 4250,1670.9897720159206 
2, 199, 3800,1676.657629953357 
3, 0, 3500,1916.9646672157355 
3, 1, 3500,1917.1008072218074 
3, 2, 3500,1896.2347060968114 
3, 3, 3500,1923.849452834529 
3, 4, 2950,1970.7120053627339 
3, 5, 2950,2048.4142672079324 
3, 6, 2950,1960.6484703389397 
3, 7, 3350,1971.9791499092398 
3, 8, 3050,2235.164954480401 
3, 9, 3000,2155.2086308346675 
3, 10, 2950,1948.9388462090405 
3, 11, 2950,1881.5206481713 
3, 12, 2950,1995.5644628156028 
3, 13, 2950,1991.81221732645 
3, 14, 3050,1917.7356044264413 
3, 15, 3400,2108.775016616773 
3, 16, 3450,2064.94821027335 
3, 17, 3450,2081.4866967355015 
3, 18, 3000,2052.616647357733 
3, 19, 2950,2273.3130608711313 
3, 20, 2950,2460.4109864456022 
3, 21, 3250,2282.144127390253 
3, 22, 3450,2394.7596408353256 
3, 23, 3400,2405.2486273971676 
3, 24, 3400,2385.835939731215 
3, 25, 3400,2326.758865499779 
3, 26, 3450,2110.0128655838316 
3, 27, 3400,2168.967251803019 
3, 28, 3400,2104.0683895441202 
3, 29, 3400,2302.125938862563 
3, 30, 2900,2092.8943638372716 
3, 31, 3900,2079.812236571835 
3, 32, 3900,2378.6017346586655 
3, 33, 3850,2125.48811981501 
3, 34, 3850,2113.827671368322 
3, 35, 3850,2002.4512125357408 
3, 36, 3850,2228.5577049842 
3, 37, 3850,2115.931093854286 
3, 38, 3850,2006.7987976230736 
3, 39, 4600,2003.1487839162248 
3, 40, 3850,1920.6714419386747 
3, 41, 3850,1983.0185642758431 
3, 42, 3900,1984.0446267178772 
3, 43, 2850,2086.9365204538544 
3, 44, 2850,1945.6696284390891 
3, 45, 2950,1936.5815842156592 
3, 46, 2900,2036.746948276376 
3, 47, 3050,2085.740669741601 
3, 48, 2950,2161.1666205122087 
3, 49, 3050,2080.266287830197 
3, 50, 3100,2144.001733754764 
3, 51, 3100,2002.7931884135105 
3, 52, 3100,1979.1435245855948 
3, 53, 3100,2034.932555405831 
3, 54, 3200,1957.29527613485 
3, 55, 3200,1986.812583618355 
3, 56, 3200,1760.1752524086683 
3, 57, 3250,1902.6729603217138 
3, 58, 3200,2024.2921196948294 
3, 59, 3200,1935.1587516117106 
3, 60, 3200,1928.6303822959835 
3, 61, 2800,1815.1995744130988 
3, 62, 2800,1874.2456394965193 
3, 63, 2800,2077.951290491807 
3, 64, 2800,1826.8653812506604 
3, 65, 2900,1805.2711819568938 
3, 66, 2450,1818.3517344845661 
3, 67, 2900,1788.9684404170132 
3, 68, 2450,1823.6338459351987 
3, 69, 2550,1894.2160767596038 
3, 70, 2550,1924.227445658715 
3, 71, 3250,1785.5092219919172 
3, 72, 3000,1858.1390712432717 
3, 73, 2850,2040.5606775560188 
3, 74, 3400,1933.050854494161 
3, 75, 2850,2143.320549940671 
3, 76, 3250,1894.4530273214148 
3, 77, 3250,2081.017864780443 
3, 78, 3250,2010.5451167946137 
3, 79, 3250,1970.1358718462425 
3, 80, 3250,2074.2685214286744 
3, 81, 3550,2193.9137000420783 
3, 82, 3250,2062.806451062594 
3, 83, 3150,2174.455464169493 
3, 84, 4650,2184.420270733615 
3, 85, 3850,2195.204311606774 
3, 86, 3850,2123.0416406846116 
3, 87, 3850,2121.3820061840856 
3, 88, 3850,1959.5611238182387 
3, 89, 3850,2023.7885140238714 
3, 90, 3850,2112.9408869912077 
3, 91, 3850,2286.3971923557206 
3, 92, 4300,2232.460876623948 
3, 93, 4300,2314.7046411491847 
3, 94, 3850,2235.643027738272 
3, 95, 3850,2194.507549278057 
3, 96, 3750,2173.884016494835 
3, 97, 4050,1977.9631268841013 
3, 98, 4050,1884.2044110515883 
3, 99, 4050,2132.4913111005144 
3, 100, 4050,2111.9730829322384 
3, 101, 4050,2067.7838500445473 
3, 102, 4050,2075.4588150404943 
3, 103, 4050,2037.5174907844412 
3, 104, 4400,2136.1285546568124 
3, 105, 4050,2043.280376495036 
3, 106, 4050,2158.4239480217825 
3, 107, 4050,2066.9043729376276 
3, 108, 4050,1973.2383141537782 
3, 109, 4050,1863.7791519578511 
3, 110, 3150,1508.4284249281811 
3, 111, 3500,1589.8264786835173 
3, 112, 3150,1622.7681643264743 
3, 113, 3750,1848.2208206868036 
3, 114, 3750,1788.0196143818282 
3, 115, 3750,1826.6182115891352 
3, 116, 3750,1682.7439712348616 
3, 117, 3800,1672.4212019607012 
3, 118, 3750,1462.0222607433482 
3, 119, 3750,1486.3839926941403 
3, 120, 3750,1605.7268092233453 
3, 121, 3750,1701.3025313066173 
3, 122, 3750,1559.699125997179 
3, 123, 2650,1655.5614110804183 
3, 124, 2700,1635.8882306044943 
3, 125, 3500,1663.7037299381464 
3, 126, 3050,1591.8539474144573 
3, 127, 2650,1436.0632037805735 
3, 128, 3050,1543.6473762560613 
3, 129, 2850,1644.262983094784 
3, 130, 3300,1520.041533191203 
3, 131, 2700,1507.145522589848 
3, 132, 3450,1571.0302705903255 
3, 133, 3700,1471.3925239703917 
3, 134, 3500,1432.1520854851958 
3, 135, 3150,1428.3454438862846 
3, 136, 4200,1640.8992976567772 
3, 137, 4100,1429.318814235394 
3, 138, 3500,1530.234929477804 
3, 139, 3050,1434.4037581567268 
3, 140, 3350,1632.1160429876848 
3, 141, 3150,1327.1313142460792 
3, 142, 3150,1447.9553679153055 
3, 143, 3150,1433.4632604960336 
3, 144, 3600,1642.1114610479553 
3, 145, 3150,1552.4020976304023 
3, 146, 3150,1841.2953142674953 
3, 147, 3850,1847.5352814389273 
3, 148, 4000,1904.9825021068655 
3, 149, 4000,1746.7007861576167 
3, 150, 3200,1560.0346409000285 
3, 151, 3150,1607.023724941624 
3, 152, 3200,1747.5896820963715 
3, 153, 3200,1668.2061829063184 
3, 154, 3450,1877.8923146587892 
3, 155, 4200,2028.3527550674955 
3, 156, 4200,1777.7351951970868 
3, 157, 4200,1788.59715922278 
3, 158, 4200,1716.9902607631634 
3, 159, 4250,1794.5866973042607 
3, 160, 4300,1936.8392323890002 
3, 161, 4350,1901.6954158185938 
3, 162, 3850,1924.8546449122864 
3, 163, 3850,1909.3482811121335 
3, 164, 3550,2007.635613744625 
3, 165, 3100,1950.56971734471 
3, 166, 3500,1863.2398198467706 
3, 167, 3350,2127.764037194867 
3, 168, 3100,1865.9935880669768 
3, 169, 3600,1573.1750690815686 
3, 170, 4500,1634.513720043396 
3, 171, 3050,1652.660160486906 
3, 172, 3600,1773.8256180448864 
3, 173, 3300,1820.5854314289438 
3, 174, 3050,1562.4872524732527 
3, 175, 3400,1679.1420217756834 
3, 176, 3050,1417.4485364680277 
3, 177, 3350,1703.8100501137699 
3, 178, 3250,1747.9005444050051 
3, 179, 3050,1486.7257767838478 
3, 180, 3150,1584.514392041252 
3, 181, 3050,1690.3842728501083 
3, 182, 2900,1682.526359227382 
3, 183, 3300,1737.9806580272314 
3, 184, 3250,1701.6468553145862 
3, 185, 3250,1583.5941571455278 
3, 186, 3750,1391.39454788309 
3, 187, 3250,1469.3470686263365 
3, 188, 5150,1502.6652247848747 
3, 189, 5150,1683.4202647820264 
3, 190, 4200,1449.9107426376843 
3, 191, 4200,1572.7236235141875 
3, 192, 4200,1684.3483288587588 
3, 193, 4200,1762.0788772631518 
3, 194, 3550,1412.3355361480737 
3, 195, 3550,1644.2661314735858 
3, 196, 3550,1541.2787390719277 
3, 197, 3700,1554.256049911619 
3, 198, 2900,1517.9241373891803 
3, 199, 3500,1508.3541769864012 
4, 0, 2500,1754.7914204522797 
4, 1, 2500,1756.6140524580035 
4, 2, 2500,1762.6758813310696 
4, 3, 2350,1746.1226165190094 
4, 4, 2350,1814.1171991139965 
4, 5, 2400,1784.0117655996498 
4, 6, 2500,1637.7349472902376 
4, 7, 2350,1728.7819031580786 
4, 8, 2350,1557.5407966834555 
4, 9, 2750,1651.5569636074936 
4, 10, 2900,1499.2135143521623 
4, 11, 2900,1623.4422214740648 
4, 12, 2900,1672.9918612105582 
4, 13, 1500,1675.8060777133524 
4, 14, 2450,1770.9211208186591 
4, 15, 2100,1785.1431626374147 
4, 16, 2200,1731.98636474909 
4, 17, 1700,1825.0711899772152 
4, 18, 2150,1846.5364793843012 
4, 19, 2050,1764.702381408688 
4, 20, 2200,1592.1882375643854 
4, 21, 2200,1741.3639725366104 
4, 22, 2200,1808.4774415418226 
4, 23, 1650,1857.2478824781836 
4, 24, 2250,1847.8556368248724 
4, 25, 2000,1647.0066971952665 
4, 26, 1500,1488.3100035498876 
4, 27, 2250,1576.2120556715852 
4, 28, 2900,1766.583474313391 
4, 29, 1350,1639.866648926865 
4, 30, 1800,1604.3573086246636 
4, 31, 1450,1665.9543932545214 
4, 32, 2300,1677.9655641113243 
4, 33, 1750,1793.0180949697326 
4, 34, 2900,1975.8120054317112 
4, 35, 1800,1769.4417170110435 
4, 36, 1850,1761.4172295528554 
4, 37, 1700,1878.9030756472691 
4, 38, 2750,1907.4068149127909 
4, 39, 3950,2146.8666385307597 
4, 40, 2850,1958.9867381899348 
4, 41, 2750,1933.346394940204 
4, 42, 2900,2017.3862978486482 
4, 43, 2750,2209.7933424104654 
4, 44, 2750,2069.163935974961 
4, 45, 2050,1773.1854432522325 
4, 46, 2000,1892.0500212278434 
4, 47, 1850,1992.8280498737556 
4, 48, 1800,1724.1929015096198 
4, 49, 2800,1913.3776787174406 
4, 50, 2650,1921.6669951903843 
4, 51, 1950,1857.8022070188313 
4, 52, 1950,1946.5519891502117 
4, 53, 2600,2037.2329099278093 
4, 54, 2050,2089.3563843945103 
4, 55, 2950,2103.7856090602218 
4, 56, 2950,1938.8112050658488 
4, 57, 2950,1834.9031846311939 
4, 58, 2950,2077.463184470012 
4, 59, 3100,2242.466343789869 
4, 60, 2950,2174.0825883599964 
4, 61, 2950,2252.234524541206 
4, 62, 2950,2155.7149790051258 
4, 63, 2950,2092.590101604548 
4, 64, 3450,2183.617781609597 
4, 65, 3150,2389.052472670225 
4, 66, 2500,2297.23873554335 
4, 67, 2600,2088.0692231839635 
4, 68, 2700,1856.8725744045437 
4, 69, 2350,1798.6034846373157 
4, 70, 2700,1928.0818829797522 
4, 71, 2550,1879.8334334120502 
4, 72, 1650,1667.2437637240596 
4, 73, 2000,1613.4187931284928 
4, 74, 2000,1665.655071790621 
4, 75, 2150,1685.0426365135947 
4, 76, 2400,1592.9941315115707 
4, 77, 2500,1715.6536434380992 
4, 78, 1800,1694.8090682368259 
4, 79, 2100,1659.7793299840869 
4, 80, 2850,1480.8457179612062 
4, 81, 2550,1615.9666556965933 
4, 82, 3150,1432.5130669102766 
4, 83, 2550,1333.4946872065448 
4, 84, 2500,1313.0820979510747 
4, 85, 2400,1317.7693886322302 
4, 86, 2700,1422.6709657428441 
4, 87, 2700,1319.761992622805 
4, 88, 2750,1424.0484152194015 
4, 89, 2750,1417.9534263126977 
4, 90, 2750,1406.2810041475575 
4, 91, 2750,1558.0433209314142 
4, 92, 2750,1638.5310001290297 
4, 93, 2750,1616.8028683644507 
4, 94, 2950,1549.8070098166313 
4, 95, 2950,1560.5078006724593 
4, 96, 2950,1550.437784379729 
4, 97, 2950,1643.0240504335384 
4, 98, 2950,1654.597131227619 
4, 99, 3400,1754.7058661689362 
4, 100, 2950,1630.1839612371198 
4, 101, 2950,1619.7016186116916 
4, 102, 2950,1740.3856387930728 
4, 103, 2950,1725.8972194546268 
4, 104, 2950,1707.0332081530732 
4, 105, 2950,1676.2855763065354 
4, 106, 2950,1990.0406066614862 
4, 107, 3000,1837.501872465204 
4, 108, 3150,1976.8610972902973 
4, 109, 3150,1814.1280566874561 
4, 110, 2950,1851.294660282884 
4, 111, 3000,1964.661214273007 
4, 112, 3250,1839.0217535692748 
4, 113, 3000,1743.1959358336833 
4, 114, 3000,2021.7194402165437 
4, 115, 3100,1952.88513577613 
4, 116, 3100,1970.4311044473839 
4, 117, 3250,2094.99668522676 
4, 118, 3700,2079.1021274977466 
4, 119, 3700,2072.221030681814 
4, 120, 3700,2001.8261233890491 
4, 121, 4000,2082.1154622114013 
4, 122, 3700,2123.8588736428596 
4, 123, 3700,1834.2232000154036 
4, 124, 3700,2082.0296527060977 
4, 125, 3900,2041.0095417451996 
4, 126, 3800,1915.617038022902 
4, 127, 3700,1962.128817114079 
4, 128, 3750,1844.422317927401 
4, 129, 3750,1913.2628537330534 
4, 130, 3750,1971.4192703212423 
4, 131, 3750,2044.7231913618355 
4, 132, 3850,1727.4284618788388 
4, 133, 4000,1880.4197763673767 
4, 134, 4000,1894.4748879333558 
4, 135, 4000,1903.9430112004377 
4, 136, 4000,1848.173818840226 
4, 137, 4000,1891.8946598688851 
4, 138, 3750,1515.8152788502825 
4, 139, 4200,1461.760388826922 
4, 140, 3750,1589.2011683658409 
4, 141, 3750,1464.073120103672 
4, 142, 4250,1614.4620237907816 
4, 143, 4350,1495.2233710362239 
4, 144, 3750,1579.4401098509752 
4, 145, 3900,1491.2047701998094 
4, 146, 3250,1413.0216923424434 
4, 147, 3450,1447.2575947130301 
4, 148, 4250,1492.234444168756 
4, 149, 3750,1373.863534016756 
4, 150, 3650,1781.8146322887753 
4, 151, 3200,1596.749460116971 
4, 152, 3550,1792.6418065148002 
4, 153, 4550,1608.870298179327 
4, 154, 3700,1562.9532877850124 
4, 155, 3750,1582.6869493990212 
4, 156, 3700,1552.8835185622333 
4, 157, 3950,1808.4694125590336 
4, 158, 3700,1709.6620110183158 
4, 159, 3900,1672.4765402772555 
4, 160, 3450,1871.6451468041573 
4, 161, 3900,1728.1905057725621 
4, 162, 3900,1961.0458969899225 
4, 163, 3400,1900.230913666159 
4, 164, 3600,1946.0550616645726 
4, 165, 3600,1923.9954744901522 
4, 166, 3850,1992.9782672516462 
4, 167, 3650,1747.283895107206 
4, 168, 3400,1890.0414190320184 
4, 169, 3900,1910.593738695758 
4, 170, 3900,1980.7533512236798 
4, 171, 3900,2000.307804596911 
4, 172, 3900,1813.2032595950352 
4, 173, 3900,1862.4614428928794 
4, 174, 3900,1802.3325935514172 
4, 175, 3900,1772.8810086148112 
4, 176, 3900,1772.814061589567 
4, 177, 4550,1872.6971717204297 
4, 178, 4550,1650.9987794353362 
4, 179, 4550,1598.9134568275551 
4, 180, 4350,1850.7778872351994 
4, 181, 4650,1683.92098953303 
4, 182, 3200,1410.7340126846927 
4, 183, 3300,1380.4098352052238 
4, 184, 3700,1571.641360379831 
4, 185, 3650,1492.235797978214 
4, 186, 3450,1371.7702195898319 
4, 187, 3450,1423.2737195662964 
4, 188, 4150,1586.8063982271262 
4, 189, 4150,1534.4543826798022 
4, 190, 3800,1529.2332369293094 
4, 191, 3800,1532.3761010768587 
4, 192, 4550,1421.0328438971223 
4, 193, 3750,1472.5464098944146 
4, 194, 4600,1578.3525326021804 
4, 195, 3750,1802.970262560303 
4, 196, 3850,1611.284308001577 
4, 197, 4300,1645.3389169150382 
4, 198, 4000,1434.4163456002768 
4, 199, 4500,1695.6364080435487 
5, 0, 3400,1645.6746950780405 
5, 1, 3400,1655.7310936699396 
5, 2, 2100,1580.0564975194827 
5, 3, 2100,1545.3906701000635 
5, 4, 2600,1567.5107332933637 
5, 5, 2100,1491.6132545033586 
5, 6, 2800,1641.3282992316272 
5, 7, 2100,1643.958636949239 
5, 8, 2200,1674.8232983834685 
5, 9, 2100,1558.350834450421 
5, 10, 2100,1792.9673925387128 
5, 11, 2250,1676.7629799435254 
5, 12, 2450,1653.2651348348836 
5, 13, 3150,1899.570060340343 
5, 14, 2100,1716.2897497364788 
5, 15, 2050,1654.0351638439624 
5, 16, 2050,1708.7773997862337 
5, 17, 2050,1529.537132070954 
5, 18, 2250,1536.7356850338856 
5, 19, 2150,1449.3484255298513 
5, 20, 3200,1406.9761256616325 
5, 21, 3250,1461.55194601803 
5, 22, 3250,1480.2759604857195 
5, 23, 3250,1523.5043170402912 
5, 24, 3250,1546.476934548624 
5, 25, 3250,1415.8878429587508 
5, 26, 3250,1443.1253786784634 
5, 27, 3250,1513.79673521763 
5, 28, 3250,1698.5463184616415 
5, 29, 3250,1491.704671938393 
5, 30, 3300,1701.9426660095924 
5, 31, 4100,1673.3558944513118 
5, 32, 4100,1766.3929890936479 
5, 33, 3250,1602.3949090172637 
5, 34, 3250,1605.6103499789717 
5, 35, 3250,1614.4001606751278 
5, 36, 3250,1665.7399696425148 
5, 37, 3250,1673.1087619437444 
5, 38, 3250,1671.5486075716576 
5, 39, 3250,1698.2421095433544 
5, 40, 2800,1797.9831574137268 
5, 41, 2900,1794.3162227073317 
5, 42, 2900,1783.16163149626 
5, 43, 2900,1830.6936230331228 
5, 44, 2550,1761.5433860708913 
5, 45, 2700,1750.2715518028924 
5, 46, 4050,1785.252153765751 
5, 47, 2750,1673.593107325938 
5, 48, 3400,1666.7008329831322 
5, 49, 3050,1727.2711589572891 
5, 50, 4000,1645.900631535479 
5, 51, 3050,1692.9052041691614 
5, 52, 3350,1596.2597539311082 
5, 53, 3350,1535.1881896945983 
5, 54, 2750,1552.9382382172098 
5, 55, 2750,1536.9584124549895 
5, 56, 2750,1643.0797640744988 
5, 57, 3150,1641.914609795097 
5, 58, 2800,1651.0861897734492 
5, 59, 2950,1643.1907246499895 
5, 60, 2950,1714.3556082432697 
5, 61, 3000,1685.0845226530473 
5, 62, 3400,1606.24876685092 
5, 63, 3700,1690.5668166671678 
5, 64, 3350,1685.7360589979858 
5, 65, 3500,1792.2247897430993 
5, 66, 4000,1923.372655971113 
5, 67, 3550,1853.3477762681184 
5, 68, 3450,1737.6478935676819 
5, 69, 3450,1681.4453859280075 
5, 70, 3450,1767.0614195907453 
5, 71, 3600,1710.5409977695667 
5, 72, 3450,1722.9158834412494 
5, 73, 3450,1786.3452334107462 
5, 74, 3450,1782.6319776321661 
5, 75, 3550,1684.5012450112479 
5, 76, 3450,1887.497073380566 
5, 77, 3450,1959.5492034669812 
5, 78, 3900,1964.2956303042379 
5, 79, 3450,1910.7547823789002 
5, 80, 3450,1904.0453346398126 
5, 81, 3950,1988.5766571123481 
5, 82, 3450,1702.661241418945 
5, 83, 3600,1665.3528154718447 
5, 84, 3450,1715.7378334498874 
5, 85, 3550,1890.2644649558292 
5, 86, 3550,2077.203041290734 
5, 87, 3600,2058.3097778065726 
5, 88, 3400,2004.2058680724797 
5, 89, 3350,1964.0384981517602 
5, 90, 3850,1946.0815330641553 
5, 91, 3350,2067.0698531442467 
5, 92, 3350,2062.13304051113 
5, 93, 3400,1902.6347361997623 
5, 94, 3450,1917.7622692117293 
5, 95, 3650,1871.5625055341357 
5, 96, 3650,1895.8068429717691 
5, 97, 3650,1859.1920152299895 
5, 98, 4150,1997.136523357703 
5, 99, 4300,1826.0436340721308 
5, 100, 4300,1727.9557461364745 
5, 101, 4300,1712.2313252335712 
5, 102, 3850,1695.324527199808 
5, 103, 3850,1754.2729939703618 
5, 104, 3850,1678.501240434875 
5, 105, 3850,1729.9631425979787 
5, 106, 3650,1920.871540407498 
5, 107, 3650,1857.0539147866016 
5, 108, 3700,1653.0665565560391 
5, 109, 3700,1709.3955308260522 
5, 110, 3000,1686.9555986804132 
5, 111, 3000,1482.8698629020114 
5, 112, 3100,1642.2594684203107 
5, 113, 2950,1622.4320035245255 
5, 114, 3850,1781.55986583543 
5, 115, 3350,1668.3369660602837 
5, 116, 3350,1732.9708245633794 
5, 117, 3750,1661.3529687783648 
5, 118, 3050,1552.8087129424214 
5, 119, 3500,1620.0239273703723 
5, 120, 3800,1681.4390031196854 
5, 121, 3950,1785.628373113702 
5, 122, 3600,1633.8654049878653 
5, 123, 3600,1623.9006382252219 
5, 124, 4000,1601.8375653787703 
5, 125, 3600,1592.0473921934295 
5, 126, 3950,1650.774535076358 
5, 127, 3700,1883.4338938022838 
5, 128, 4000,1812.7059966533543 
5, 129, 4000,1767.0722090280271 
5, 130, 3600,1678.3000056875735 
5, 131, 3700,1679.7404651621125 
5, 132, 3700,1677.8982162939517 
5, 133, 3750,1673.1446078530926 
5, 134, 3750,1730.8828832580082 
5, 135, 4100,1725.867956136912 
5, 136, 3900,1770.6315571318362 
5, 137, 3700,1870.8218768630793 
5, 138, 4450,1945.264841359732 
5, 139, 3700,1931.1164798079526 
5, 140, 4200,2038.5459142350571 
5, 141, 4250,1996.6944906241638 
5, 142, 4200,1948.532923908538 
5, 143, 4200,1870.429851206088 
5, 144, 4200,1904.2591814936932 
5, 145, 4200,1918.946667609945 
5, 146, 4200,1874.259112882267 
5, 147, 4400,1862.0431783338963 
5, 148, 4200,1870.3871878098482 
5, 149, 4200,1842.2819485023942 
5, 150, 4200,1996.128259983068 
5, 151, 4500,2130.836844191891 
5, 152, 4300,2041.069238503103 
5, 153, 4200,2024.0525904454382 
5, 154, 4200,2106.296177145699 
5, 155, 4200,1932.0326737726907 
5, 156, 4200,2160.5668798776496 
5, 157, 4650,2096.0222066831952 
5, 158, 4200,1923.6279381534373 
5, 159, 4300,2021.5317599695672 
5, 160, 4350,1974.0797625959567 
5, 161, 4300,1961.5760386881655 
5, 162, 4850,2040.0792220703665 
5, 163, 4750,1898.0236265306833 
5, 164, 4300,1765.5696994557773 
5, 165, 4300,1813.0361276047424 
5, 166, 4300,1770.5206675843788 
5, 167, 4100,1651.9241153358962 
5, 168, 4100,1793.7844425299897 
5, 169, 3900,1720.688433990502 
5, 170, 4150,1860.3151546841398 
5, 171, 4650,1893.1569353379507 
5, 172, 4150,1851.8121073176083 
5, 173, 4150,1710.7245644327247 
5, 174, 3300,1737.5644744959259 
5, 175, 3700,1758.421008872575 
5, 176, 4900,1839.6066224202732 
5, 177, 4050,1652.6742179592052 
5, 178, 3700,1756.283021185666 
5, 179, 3700,1576.1636714478352 
5, 180, 4050,1637.6673328027562 
5, 181, 3750,1644.5406315712873 
5, 182, 3700,1536.7669066102787 
5, 183, 3900,1403.3058911878138 
5, 184, 5450,1355.04444744276 
5, 185, 5000,1516.0897171022004 
5, 186, 4000,1421.6808766919232 
5, 187, 4850,1264.9210459650249 
5, 188, 3900,1427.1802389128832 
5, 189, 4650,1372.361656106551 
5, 190, 3800,1333.8077754377434 
5, 191, 4850,1523.043205579082 
5, 192, 4850,1510.235783317334 
5, 193, 3550,1298.1412508162227 
5, 194, 4600,1341.532649056611 
5, 195, 4050,1265.9905492171222 
5, 196, 3550,1297.832303061026 
5, 197, 4400,1490.7878738601562 
5, 198, 4800,1362.5581259031287 
5, 199, 4800,1407.1304707155487 
6, 0, 3000,1871.1053827979208 
6, 1, 3000,1890.3994554088565 
6, 2, 3000,1830.5803020966446 
6, 3, 3000,1894.0440940756976 
6, 4, 3000,1886.6527464953867 
6, 5, 3100,1838.5860701565584 
6, 6, 1700,1674.8529258511994 
6, 7, 1700,1660.868398875672 
6, 8, 1500,1646.9022037409716 
6, 9, 1100,1556.5835257792216 
6, 10, 2650,1689.5920253484899 
6, 11, 1800,1573.3147148359071 
6, 12, 1450,1608.9632147015127 
6, 13, 1950,1686.9085944592866 
6, 14, 900,1759.6271988088497 
6, 15, 2200,1735.7625023736584 
6, 16, 2200,1804.758301062091 
6, 17, 1700,1729.553790181535 
6, 18, 1700,1692.2353873089305 
6, 19, 2100,1765.6603766456803 
6, 20, 3150,1923.0733504240318 
6, 21, 3100,1914.0904293468404 
6, 22, 2200,1799.0358669312434 
6, 23, 2100,1787.0688715086364 
6, 24, 1950,1791.174421456718 
6, 25, 2950,1850.4743454126306 
6, 26, 1950,1727.6663626424115 
6, 27, 2400,1911.3282704903827 
6, 28, 2900,1777.760763807474 
6, 29, 2900,2032.3506691573289 
6, 30, 2450,2183.04410529347 
6, 31, 2800,1989.3196517321385 
6, 32, 2750,2142.7646637091075 
6, 33, 2000,2082.4504796032966 
6, 34, 2750,1982.8748515142545 
6, 35, 2600,1882.8124111970305 
6, 36, 3650,2002.6071390902794 
6, 37, 2600,1843.7103017469085 
6, 38, 2500,2307.492407814425 
6, 39, 2500,2501.880656262768 
6, 40, 2550,2533.2461607808887 
6, 41, 3550,2545.027038414843 
6, 42, 3950,2566.086662132781 
6, 43, 3950,2877.303381201702 
6, 44, 4050,2601.890532561726 
6, 45, 3950,2502.498700793818 
6, 46, 3950,2484.355900917629 
6, 47, 3300,2301.608133457996 
6, 48, 2900,2128.237937161096 
6, 49, 2900,2023.3383255891683 
6, 50, 2950,2174.937593438841 
6, 51, 2900,2392.364748718115 
6, 52, 2900,2242.3118368633236 
6, 53, 3000,2219.3462387092122 
6, 54, 2700,2233.451545944261 
6, 55, 2700,2176.160725923181 
6, 56, 2700,2037.4287494513542 
6, 57, 2850,2043.254731791878 
6, 58, 2700,1952.2390667480697 
6, 59, 2700,1978.2105984240332 
6, 60, 3200,2030.325893132241 
6, 61, 3200,1949.026952252344 
6, 62, 2700,1899.5381549261394 
6, 63, 3200,1938.667146013029 
6, 64, 3200,2016.0925178185748 
6, 65, 3200,1880.275809877934 
6, 66, 3200,2076.7638845866018 
6, 67, 3650,2086.741394247176 
6, 68, 4200,2366.532006412281 
6, 69, 4200,2232.013630891364 
6, 70, 3200,1904.0214618729294 
6, 71, 3200,1995.1215122104338 
6, 72, 3200,1875.1554817689334 
6, 73, 3200,1904.1010365985724 
6, 74, 3200,1970.5746354653493 
6, 75, 3200,1918.9050828979834 
6, 76, 3200,2035.928485477768 
6, 77, 3150,1966.3569350348364 
6, 78, 2100,1794.8142893718373 
6, 79, 2550,1914.3906776482868 
6, 80, 3250,2069.58225424135 
6, 81, 2550,1893.9629634897053 
6, 82, 2650,1972.5377183985736 
6, 83, 2250,2019.5481542847022 
6, 84, 2600,1752.0593222510672 
6, 85, 2950,1915.7046333984376 
6, 86, 2550,1786.4565542441887 
6, 87, 2050,1763.6655469833734 
6, 88, 2150,1766.7441378096742 
6, 89, 2500,1629.009350693379 
6, 90, 2250,1573.6693914337134 
6, 91, 2250,1571.67630704971 
6, 92, 2900,1589.602818697841 
6, 93, 2450,1554.969225717761 
6, 94, 3100,1765.2492884873373 
6, 95, 2200,1623.5171944910471 
6, 96, 2450,1521.4768045115463 
6, 97, 2850,1758.4057862424445 
6, 98, 2450,1553.2520462538973 
6, 99, 2650,1627.8742257771314 
6, 100, 2700,1535.1649139852414 
6, 101, 2650,1587.003402006372 
6, 102, 2650,1546.237776872064 
6, 103, 2650,1539.8946408928452 
6, 104, 2750,1654.9353034441735 
6, 105, 2650,1706.6716974357673 
6, 106, 3800,1955.9094606299695 
6, 107, 3000,1765.453843272962 
6, 108, 3000,1847.5525716608188 
6, 109, 3000,1762.764701807758 
6, 110, 4050,1702.6091089201238 
6, 111, 2650,1564.955464561406 
6, 112, 3150,1715.3975155524845 
6, 113, 2700,1943.7791863410116 
6, 114, 3150,1737.4720403244164 
6, 115, 2650,1882.875715387492 
6, 116, 4150,2106.482239242103 
6, 117, 3750,1955.231263285572 
6, 118, 3350,2008.3122091181265 
6, 119, 3600,1911.7462533960247 
6, 120, 3600,2035.0153872299409 
6, 121, 3600,1912.9146411281463 
6, 122, 3600,2037.253052519495 
6, 123, 3600,1972.9967464788585 
6, 124, 2800,1696.5336019738197 
6, 125, 2800,1769.3532317165668 
6, 126, 2050,1785.436242423004 
6, 127, 2050,1512.9317148296461 
6, 128, 2450,1642.8525174036147 
6, 129, 2050,1566.1588474205084 
6, 130, 2650,1572.5886623685485 
6, 131, 2050,1328.2534860606702 
6, 132, 2050,1487.4454408125157 
6, 133, 2050,1672.1926572103714 
6, 134, 2050,1574.047732003786 
6, 135, 2200,1629.4693782165575 
6, 136, 2050,1524.8550187748435 
6, 137, 2050,1621.8781979202042 
6, 138, 2200,1590.7723173529787 
6, 139, 2200,1729.9129276855922 
6, 140, 2200,1683.3566605044357 
6, 141, 3900,2025.2175341444338 
6, 142, 3900,2167.9410587798357 
6, 143, 3500,1982.566633065697 
6, 144, 3400,2039.2424692725601 
6, 145, 3400,2197.8524872146345 
6, 146, 3250,2403.231988364625 
6, 147, 3350,2259.3895550825587 
6, 148, 2750,2039.6337436120261 
6, 149, 2750,2024.00518025448 
6, 150, 3100,2101.837579862253 
6, 151, 2750,2239.687703699114 
6, 152, 2150,2066.8428566147436 
6, 153, 2150,2095.97979788244 
6, 154, 2950,2347.9810261136904 
6, 155, 3300,2309.879746749697 
6, 156, 3300,2255.487752128129 
6, 157, 3900,2446.796452259133 
6, 158, 3900,2425.273284611552 
6, 159, 3300,2374.286229798358 
6, 160, 3200,2292.6833006701377 
6, 161, 3200,2171.6085831438036 
6, 162, 3800,2228.6637637196804 
6, 163, 3850,2248.2540925452495 
6, 164, 3800,1993.0644264751725 
6, 165, 3800,1987.036522415766 
6, 166, 2250,2056.8984079448505 
6, 167, 2250,2027.8926216268171 
6, 168, 1850,1878.852002815775 
6, 169, 1600,1857.7449129566098 
6, 170, 3350,1885.0019425009416 
6, 171, 1600,1836.521951621564 
6, 172, 2150,2010.845844439849 
6, 173, 2150,2034.044771216487 
6, 174, 1950,2077.177268323627 
6, 175, 1950,2033.9949246582091 
6, 176, 1700,1824.620065613218 
6, 177, 1750,1831.631441467889 
6, 178, 1950,1734.57385678629 
6, 179, 1350,1742.5164665975574 
6, 180, 3550,1793.8285758667018 
6, 181, 3650,2032.6238205727088 
6, 182, 3000,1815.323106170904 
6, 183, 3150,2027.4041720307464 
6, 184, 3500,2250.719077014358 
6, 185, 3700,2206.65064536892 
6, 186, 3700,1981.0702010312864 
6, 187, 3700,2100.533542130704 
6, 188, 2250,2037.6942802584445 
6, 189, 1950,2035.6094438965467 
6, 190, 2800,2010.4874025866454 
6, 191, 2800,2044.8815134477607 
6, 192, 1650,1865.4337784596325 
6, 193, 2800,1764.810631670312 
6, 194, 2800,1933.9818008607542 
6, 195, 3150,2179.8723435888246 
6, 196, 2800,1985.733459892685 
6, 197, 3750,2257.2922793345647 
6, 198, 2550,1870.1161310021214 
6, 199, 2050,1905.139977359494 
7, 0, 3000,1787.0010428851817 
7, 1, 3000,1791.339716468649 
7, 2, 3000,1912.7076371078003 
7, 3, 3000,1842.4898064490578 
7, 4, 3000,1766.4644681316738 
7, 5, 3000,1841.5295437776883 
7, 6, 3000,1665.0400395586087 
7, 7, 3000,1689.4338152652256 
7, 8, 1350,1417.6031663952142 
7, 9, 2000,1552.6662470561646 
7, 10, 1250,1504.7610468379385 
7, 11, 1250,1516.9516881702016 
7, 12, 1350,1572.563049754936 
7, 13, 950,1663.789258581055 
7, 14, 1350,1695.9353517076402 
7, 15, 1700,1692.818759801342 
7, 16, 1350,1524.9582706660294 
7, 17, 1200,1409.4364516043677 
7, 18, 1300,1460.5640082592142 
7, 19, 1300,1331.250171906851 
7, 20, 2100,1514.2564098419643 
7, 21, 1950,1533.2584797275917 
7, 22, 1550,1617.2581704536199 
7, 23, 1950,1475.3231969143355 
7, 24, 1200,1381.2693620380676 
7, 25, 1000,1232.7881677995886 
7, 26, 2850,1471.8142278195714 
7, 27, 1750,1422.5403191459845 
7, 28, 1800,1400.1392427147734 
7, 29, 1750,1362.9361501900776 
7, 30, 1950,1386.0415257527861 
7, 31, 2800,1602.9816756673335 
7, 32, 2200,1523.0713918416511 
7, 33, 3400,1530.5330160213184 
7, 34, 2600,1534.9675086220075 
7, 35, 2650,1583.8806071727054 
7, 36, 1700,1528.8058983230915 
7, 37, 3000,1649.8162585175014 
7, 38, 3000,1667.8650237275608 
7, 39, 2900,1765.0543672057015 
7, 40, 2150,1672.438792647287 
7, 41, 2200,1846.2098767721152 
7, 42, 2500,1813.432692799248 
7, 43, 2500,1752.4196115512675 
7, 44, 2050,1618.392081447796 
7, 45, 2500,1564.574602525775 
7, 46, 2150,1481.558267159918 
7, 47, 2050,1489.4473078388114 
7, 48, 2050,1513.9815558702 
7, 49, 2050,1451.69797830059 
7, 50, 2900,1594.4170271813007 
7, 51, 2950,1614.6403264623314 
7, 52, 3600,1530.4485379367472 
7, 53, 3600,1618.3405891919856 
7, 54, 3600,1460.8095859709595 
7, 55, 3600,1472.7082864470128 
7, 56, 3600,1618.7408593400519 
7, 57, 3600,1604.42026724278 
7, 58, 3650,1751.717483332898 
7, 59, 3650,1993.555969628243 
7, 60, 3650,2034.4911631484892 
7, 61, 3650,1965.375796177927 
7, 62, 3600,1817.3309183158324 
7, 63, 3600,1625.3207919569836 
7, 64, 3600,1711.7009674648787 
7, 65, 4450,1791.3050375002404 
7, 66, 3600,1599.1584750370516 
7, 67, 3600,1768.6291986802214 
7, 68, 3600,1935.822000645157 
7, 69, 3750,1922.566939371328 
7, 70, 4100,2042.7439334820647 
7, 71, 3750,1888.2676043015051 
7, 72, 4100,1825.7979437257375 
7, 73, 3750,1815.9342421236436 
7, 74, 3950,1980.942727821552 
7, 75, 3950,1734.5039025262492 
7, 76, 3650,1767.5883816286773 
7, 77, 3650,1962.6226398018102 
7, 78, 3650,1810.728409711786 
7, 79, 4000,1812.9786724246555 
7, 80, 3700,1647.884701639951 
7, 81, 3500,1661.8366376094282 
7, 82, 3500,1625.0634020265366 
7, 83, 3500,1632.2057796340223 
7, 84, 3500,1650.9760657553365 
7, 85, 3500,1489.8317815692271 
7, 86, 3500,1412.8139232815417 
7, 87, 3550,1421.3739973715715 
7, 88, 4000,1326.1743414191 
7, 89, 4000,1392.661502521722 
7, 90, 4000,1537.4779295451315 
7, 91, 4350,1454.9723174151611 
7, 92, 3900,1499.18252135063 
7, 93, 4800,1596.9999494000738 
7, 94, 4550,1662.5370049804285 
7, 95, 4750,1766.4959179921216 
7, 96, 4550,1552.0051383597122 
7, 97, 3900,1547.3061471897904 
7, 98, 4200,1565.0225899553996 
7, 99, 3750,1534.7005597447367 
7, 100, 4150,1538.9492020416549 
7, 101, 3750,1521.0705294481106 
7, 102, 5250,1646.1375054559344 
7, 103, 3500,1604.600708694669 
7, 104, 4000,1681.2858084504758 
7, 105, 4200,1778.780296561198 
7, 106, 4750,1728.745677120153 
7, 107, 4850,1795.4158095808696 
7, 108, 4350,2024.140920155132 
7, 109, 4050,1784.454759269281 
7, 110, 3950,1577.0974489981156 
7, 111, 4550,1543.7213171588014 
7, 112, 4550,1575.981656561453 
7, 113, 4300,1657.7059114598371 
7, 114, 3950,1521.745658276983 
7, 115, 4400,1831.2933554008637 
7, 116, 5150,1643.4722419624281 
7, 117, 4250,1770.4484251913768 
7, 118, 4950,1722.4603615089948 
7, 119, 4250,1722.5376951205192 
7, 120, 3950,1511.8301171197454 
7, 121, 3950,1870.5005946931626 
7, 122, 4150,1852.6864878392735 
7, 123, 5050,2022.4295320532708 
7, 124, 3800,1863.1850648442269 
7, 125, 3600,1730.3838541861985 
7, 126, 3500,1624.2558513691956 
7, 127, 4000,1732.7576987058064 
7, 128, 3300,1778.545257316561 
7, 129, 4500,1794.1866703553474 
7, 130, 4350,1923.0037530757538 
7, 131, 4350,1747.0375358060146 
7, 132, 4600,1966.7858207355637 
7, 133, 3750,1467.6899839165249 
7, 134, 3850,1612.0158031157603 
7, 135, 3800,1528.8058983230915 
7, 136, 3850,1526.6338325171032 
7, 137, 3850,1541.0461486675965 
7, 138, 4400,1720.9008534702828 
7, 139, 3850,1447.9762959162533 
7, 140, 3950,1665.4143022022472 
7, 141, 4600,1568.5394190427314 
7, 142, 3900,1448.9229716509356 
7, 143, 4300,1652.16562808523 
7, 144, 4300,1428.1781854141764 
7, 145, 4750,1675.7759396769009 
7, 146, 4300,1579.9644382905035 
7, 147, 4550,1631.8647541256523 
7, 148, 5000,1734.1405463062774 
7, 149, 4450,1654.8035374251372 
7, 150, 4500,2036.5981613236988 
7, 151, 4450,1578.159889353305 
7, 152, 4450,1476.7165153361923 
7, 153, 4450,1848.181948605579 
7, 154, 4450,1712.6693678688725 
7, 155, 4450,1638.259732000683 
7, 156, 4450,1519.3415473071673 
7, 157, 4350,1592.6868061945709 
7, 158, 4350,1474.1287445659405 
7, 159, 4350,1669.8663225999665 
7, 160, 4350,1575.8655630247374 
7, 161, 4750,1612.9002517893728 
7, 162, 3750,1831.0770551285332 
7, 163, 4050,1513.0409542682344 
7, 164, 4050,1589.5044015114404 
7, 165, 4050,1509.6922557497296 
7, 166, 4050,1534.0235600629746 
7, 167, 4600,1580.8273629701478 
7, 168, 4050,1395.3762028480876 
7, 169, 4050,1457.3286582586024 
7, 170, 4050,1631.1011339248432 
7, 171, 4050,1428.4479816792898 
7, 172, 4350,1431.2243116657257 
7, 173, 4050,1434.3174915849931 
7, 174, 4250,1505.5348222509172 
7, 175, 3600,1470.192044076095 
7, 176, 3600,1371.5452466602637 
7, 177, 4050,1406.4112758249903 
7, 178, 4200,1492.599589760608 
7, 179, 4000,1473.2444611890594 
7, 180, 4000,1564.5056017086606 
7, 181, 4100,1652.9820007941692 
7, 182, 4750,1478.093486060795 
7, 183, 3800,1409.6538546391414 
7, 184, 3750,1529.2604008923313 
7, 185, 3750,1451.332024887705 
7, 186, 4000,1490.8043893391 
7, 187, 3600,1311.1267226428888 
7, 188, 4500,1439.5127542668629 
7, 189, 4600,1479.2383892129126 
7, 190, 4600,1508.9785159557975 
7, 191, 4750,1556.5391551175774 
7, 192, 5500,1590.1123618261458 
7, 193, 5400,1839.7734681588965 
7, 194, 4600,1642.0266487336662 
7, 195, 4650,1679.5938061136549 
7, 196, 3950,1455.0455579663394 
7, 197, 3600,1469.8656572983296 
7, 198, 3700,1488.5165654625969 
7, 199, 3700,1419.2659754573522 
8, 0, 2500,1885.1452131725755 
8, 1, 2500,1889.5600337676813 
8, 2, 2500,1819.7988011776677 
8, 3, 2800,1792.5504515109528 
8, 4, 1900,1721.715948721161 
8, 5, 1200,1630.0755234409269 
8, 6, 1200,1663.63747447112 
8, 7, 1200,1639.773558523348 
8, 8, 2000,1646.9534163283295 
8, 9, 2000,1549.667527066514 
8, 10, 1700,1601.9193033812455 
8, 11, 2300,1824.8129141687846 
8, 12, 2050,1831.3114884357515 
8, 13, 2050,1880.6446348059067 
8, 14, 1700,1740.368227030293 
8, 15, 1450,1792.465361089879 
8, 16, 1450,1826.3572509453916 
8, 17, 1450,1720.703109754612 
8, 18, 2150,1722.67080342406 
8, 19, 1400,1655.8753673882682 
8, 20, 1850,1706.065827001 
8, 21, 1150,1610.090890840538 
8, 22, 2250,1680.7053443555935 
8, 23, 1600,1562.917499777615 
8, 24, 1400,1574.5914172613577 
8, 25, 1800,1628.1565302109889 
8, 26, 1800,1706.713644594917 
8, 27, 3900,1777.573181093092 
8, 28, 3600,1783.5060097652283 
8, 29, 3200,1638.3869715933622 
8, 30, 3200,1728.0733126049292 
8, 31, 1700,1765.3565038990243 
8, 32, 1400,1761.4545040099588 
8, 33, 1850,1744.9143997991027 
8, 34, 1850,1584.7501635299113 
8, 35, 1750,1531.3026738002775 
8, 36, 2750,1654.206147914455 
8, 37, 2300,1470.4547327993885 
8, 38, 3100,1765.2809745737134 
8, 39, 3050,1660.3440680300046 
8, 40, 2400,1582.0134849825606 
8, 41, 2400,1503.7336529418697 
8, 42, 2400,1289.0834383821364 
8, 43, 2400,1325.4436078444671 
8, 44, 2400,1135.9927576593723 
8, 45, 2600,1472.5224012632955 
8, 46, 2650,1234.8860005455704 
8, 47, 2450,1380.5009338217878 
8, 48, 2950,1578.3474128199898 
8, 49, 2800,1473.490581900507 
8, 50, 2950,1572.2835320165714 
8, 51, 2950,1385.8421025980317 
8, 52, 2850,1530.5924118827752 
8, 53, 2750,1529.8993166845717 
8, 54, 2750,1356.3263663739683 
8, 55, 2900,1372.796581633803 
8, 56, 2900,1354.6100672678594 
8, 57, 2650,1371.3234594008193 
8, 58, 3000,1395.409049039533 
8, 59, 2850,1586.0585796816642 
8, 60, 3200,1554.7823745859844 
8, 61, 3200,1571.3289749364221 
8, 62, 2700,1438.0348368239179 
8, 63, 3600,1580.3403929456963 
8, 64, 3600,1636.2759516349893 
8, 65, 3650,1662.225218424891 
8, 66, 3700,1731.9005587661625 
8, 67, 3700,1771.2526954421583 
8, 68, 2700,1681.49306849417 
8, 69, 3200,1756.8480729747669 
8, 70, 3150,1806.9547880510474 
8, 71, 3000,1760.2710850688006 
8, 72, 3600,1761.297157429057 
8, 73, 2750,1804.62893860777 
8, 74, 2700,1724.2385964169046 
8, 75, 2700,1898.3562134466001 
8, 76, 2650,1632.6327347155104 
8, 77, 2850,1767.0299797951786 
8, 78, 2650,1680.5230066135887 
8, 79, 2750,1757.0535339630721 
8, 80, 2650,1644.1720614573062 
8, 81, 2900,1646.7245573187909 
8, 82, 2850,1744.3023409276434 
8, 83, 2900,1760.6910804590568 
8, 84, 4000,1659.3691755019618 
8, 85, 4000,1756.6896669186012 
8, 86, 2800,1650.3194517817733 
8, 87, 3200,1580.1690070714242 
8, 88, 2300,1599.275325157168 
8, 89, 2350,1563.728628062498 
8, 90, 2800,1871.7012058660443 
8, 91, 3000,1702.7199719948972 
8, 92, 2400,1685.3446579740348 
8, 93, 2400,1689.8164235959318 
8, 94, 2400,1737.7016633205685 
8, 95, 3450,1739.5752993826459 
8, 96, 2700,1789.914506168923 
8, 97, 4100,1958.0635533066538 
8, 98, 3250,1782.482875659736 
8, 99, 2700,1627.459754502474 
8, 100, 2700,1743.6808709732352 
8, 101, 2550,1645.785557419344 
8, 102, 2950,1827.7170171964517 
8, 103, 2700,1771.723466121065 
8, 104, 3250,1957.496855525939 
8, 105, 3250,1896.1348245120316 
8, 106, 3350,2298.9775395320257 
8, 107, 3750,2199.9317597313666 
8, 108, 3450,2075.5877833675563 
8, 109, 3500,2077.345090798018 
8, 110, 3250,2046.1715914893798 
8, 111, 3250,1941.06727645313 
8, 112, 3800,2083.087924939872 
8, 113, 3700,2060.335549311708 
8, 114, 3700,2011.014116752485 
8, 115, 3900,2116.09339648 
8, 116, 3700,2094.0132919030543 
8, 117, 3700,2209.6365508537115 
8, 118, 4500,2006.4934990216543 
8, 119, 3400,2243.5316675800104 
8, 120, 3600,2135.05281083408 
8, 121, 3650,2036.9428345221452 
8, 122, 3600,2041.8660385029962 
8, 123, 3750,2222.1985541668896 
8, 124, 3400,2325.1746431638467 
8, 125, 3100,2125.384338386492 
8, 126, 4100,2174.3227785806193 
8, 127, 4400,2048.909539982257 
8, 128, 3250,2208.5153727142474 
8, 129, 2950,1934.918041748236 
8, 130, 3000,2089.3029019655373 
8, 131, 3200,2071.2516954389166 
8, 132, 3300,2225.0300190915596 
8, 133, 3650,2207.097996387239 
8, 134, 3900,2216.8434652665374 
8, 135, 3150,2179.5247257838187 
8, 136, 2850,1972.6008955004793 
8, 137, 3250,2025.9435387547753 
8, 138, 3150,2237.301483773014 
8, 139, 3150,2155.5469319310996 
8, 140, 3750,2150.417565746408 
8, 141, 2650,2027.5857042006357 
8, 142, 3200,1991.3903066790683 
8, 143, 1950,1855.7837517699452 
8, 144, 2150,2092.4409408413635 
8, 145, 2300,2092.5598720662256 
8, 146, 2900,2114.4975762577737 
8, 147, 2900,2148.0670192505445 
8, 148, 2600,1926.5987064662884 
8, 149, 3550,2070.3903403986797 
8, 150, 3550,1984.917879887979 
8, 151, 3100,2044.4554237737686 
8, 152, 3100,1930.262451407355 
8, 153, 2550,1974.3046340113747 
8, 154, 2500,1944.0556898536947 
8, 155, 2900,1833.4101912264287 
8, 156, 2900,1928.831226154818 
8, 157, 2700,2020.0262524546706 
8, 158, 3150,1918.589549274638 
8, 159, 3250,1642.0395669392194 
8, 160, 3450,1752.7971872974865 
8, 161, 3400,1866.1333112491013 
8, 162, 3250,1746.336424945351 
8, 163, 3250,1958.5513095967724 
8, 164, 3850,1893.1729418832258 
8, 165, 3300,1905.932458234954 
8, 166, 3250,2009.9657643197245 
8, 167, 3250,1936.885190821656 
8, 168, 4000,2052.4473565758394 
8, 169, 4200,2027.7416282926952 
8, 170, 4000,1937.1156184368344 
8, 171, 4300,2274.057191697498 
8, 172, 4700,2288.858555011315 
8, 173, 4000,2255.743007337386 
8, 174, 4150,2359.861963092012 
8, 175, 3700,2043.339512571605 
8, 176, 3750,2040.1809065161676 
8, 177, 3750,1991.034196521288 
8, 178, 3100,2018.3863817065815 
8, 179, 3500,2373.09732398208 
8, 180, 3100,2257.288979141469 
8, 181, 3250,2223.12479145545 
8, 182, 3200,2114.9522405477574 
8, 183, 3300,2088.768123255253 
8, 184, 3200,2168.388826066511 
8, 185, 3650,2122.3036369173774 
8, 186, 3650,1958.9342082681674 
8, 187, 3000,1980.4251023097504 
8, 188, 3000,1995.8064621459253 
8, 189, 3550,1945.5763732741061 
8, 190, 3650,1994.0190874743705 
8, 191, 3950,1927.9980589076108 
8, 192, 3200,1910.9532763106545 
8, 193, 3650,2027.28079560835 
8, 194, 3650,2055.7184961354837 
8, 195, 3800,2313.7364835156823 
8, 196, 3300,2132.8884479299736 
8, 197, 3150,2345.983619170036 
8, 198, 3150,2177.8060964969754 
8, 199, 4100,2407.919173783611 
9, 0, 2300,1808.9644897710195 
9, 1, 2300,1805.9276695025046 
9, 2, 2300,1820.5096272830592 
9, 3, 2300,1678.5428384780832 
9, 4, 2200,1806.6666666666667 
9, 5, 2200,1713.9487162748487 
9, 6, 2550,1745.7691280592771 
9, 7, 2950,1785.3626941030636 
9, 8, 2550,1702.4524793498479 
9, 9, 2550,1698.1429994157284 
9, 10, 2550,1669.6742560188563 
9, 11, 2650,1851.7711968967888 
9, 12, 2300,1784.5444061086675 
9, 13, 2300,1724.6530905745315 
9, 14, 2300,1729.7059947525267 
9, 15, 2700,1771.4988232590167 
9, 16, 3100,1808.2595991111946 
9, 17, 2700,1817.3364764640776 
9, 18, 2700,1642.4870277611437 
9, 19, 2250,1713.8599444210456 
9, 20, 2400,1736.009807145412 
9, 21, 2400,1964.8425027482638 
9, 22, 2550,1860.7913489815146 
9, 23, 2250,1737.3248767207378 
9, 24, 2250,1593.3792943795822 
9, 25, 2250,1812.183445014284 
9, 26, 2300,1638.9879699548028 
9, 27, 2250,1672.50522790625 
9, 28, 2350,1733.561975013331 
9, 29, 2600,1756.3449190712724 
9, 30, 2800,1838.2235056068826 
9, 31, 3300,1735.0716807595406 
9, 32, 3150,1764.769922337719 
9, 33, 3150,1601.3201624366886 
9, 34, 3150,1651.879477468259 
9, 35, 2600,1660.640925314164 
9, 36, 2600,1684.084440887809 
9, 37, 2600,1681.187951804595 
9, 38, 3100,1670.4359649897729 
9, 39, 2700,1659.4102639921282 
9, 40, 3250,1821.7876113889074 
9, 41, 3750,1638.2945678079661 
9, 42, 2600,1716.0401916604224 
9, 43, 2700,1588.858303018462 
9, 44, 2700,1637.5852973389221 
9, 45, 2600,1668.327278770838 
9, 46, 2600,1622.6934679442975 
9, 47, 2350,1599.483739311917 
9, 48, 2050,1584.5564653615825 
9, 49, 2500,1634.1119819941869 
9, 50, 2300,1696.4311916133788 
9, 51, 2300,1714.8615840718028 
9, 52, 2600,1508.4994048873386 
9, 53, 2600,1662.6541851491365 
9, 54, 2250,1513.7154103180503 
9, 55, 1750,1573.783320344303 
9, 56, 1900,1534.830955058589 
9, 57, 2850,1587.5035989778657 
9, 58, 3000,1696.955904976421 
9, 59, 3000,1501.2260141146453 
9, 60, 3000,1644.4159412626684 
9, 61, 1800,1645.7360730755772 
9, 62, 2300,1523.401961188686 
9, 63, 2350,1926.7533665089404 
9, 64, 2000,1800.4664799586094 
9, 65, 1800,1609.1032071663803 
9, 66, 2300,1709.4431723798132 
9, 67, 2100,1776.229407788 
9, 68, 1950,1659.9478968335181 
9, 69, 2850,1753.813377653496 
9, 70, 2050,1602.6060689143828 
9, 71, 2050,1560.0615113488054 
9, 72, 3150,1758.6728811891946 
9, 73, 3100,1773.4896120475034 
9, 74, 3100,1787.9859302770496 
9, 75, 3100,1699.8647450650747 
9, 76, 3100,1734.2637363073434 
9, 77, 3100,1751.5072873892868 
9, 78, 3100,1715.0594859666064 
9, 79, 3100,1698.7323705241702 
9, 80, 3200,1612.2394081186917 
9, 81, 3300,1687.7918004351607 
9, 82, 2650,1764.7973958743391 
9, 83, 2450,1588.4586105957428 
9, 84, 2300,1571.2932169831874 
9, 85, 2300,1513.5081997488717 
9, 86, 3050,1647.1429197188077 
9, 87, 2350,1689.291510687486 
9, 88, 2100,1651.6244681641115 
9, 89, 2400,1561.0832162574832 
9, 90, 2450,1696.7035032019526 
9, 91, 3700,1565.6356213978715 
9, 92, 4100,1718.9640408505857 
9, 93, 3150,1665.2790435627578 
9, 94, 3200,1765.9915805649423 
9, 95, 2600,1719.8502401327996 
9, 96, 2600,1643.5825614685855 
9, 97, 2050,1477.8242948553277 
9, 98, 2400,1489.7898299336512 
9, 99, 2700,1498.8961426545357 
9, 100, 2300,1445.6846268823779 
9, 101, 1850,1361.6963388332654 
9, 102, 1850,1365.3563563399775 
9, 103, 2100,1372.5442717004714 
9, 104, 1800,1260.2327626917245 
9, 105, 2200,1203.540547087986 
9, 106, 1900,1143.0089432915406 
9, 107, 2300,1375.7402965808494 
9, 108, 2200,1410.4783736109684 
9, 109, 2200,1322.159524445068 
9, 110, 2500,1142.4184651409262 
9, 111, 2700,1110.0454991129914 
9, 112, 2200,1157.1485111115499 
9, 113, 2500,1293.2469316656532 
9, 114, 3250,1532.0590060372342 
9, 115, 2800,1366.0452208673566 
9, 116, 3100,1427.5782983709853 
9, 117, 3100,1389.123970004263 
9, 118, 3100,1231.1301984991537 
9, 119, 3100,1246.4292433130163 
9, 120, 3100,1334.7086656728584 
9, 121, 3100,1453.354183892689 
9, 122, 3350,1451.0785783009962 
9, 123, 3100,1457.028507170354 
9, 124, 3100,1512.7451800610636 
9, 125, 3300,1440.9216852522911 
9, 126, 3250,1514.581900503678 
9, 127, 2850,1409.936240409545 
9, 128, 3050,1471.548692893156 
9, 129, 2900,1374.1343464233044 
9, 130, 3250,1426.0182433275636 
9, 131, 2700,1632.9216395185902 
9, 132, 3100,1512.8470050226695 
9, 133, 2750,1463.8233458579584 
9, 134, 2700,1468.579675273447 
9, 135, 2200,1468.256283879458 
9, 136, 2800,1586.7362952636681 
9, 137, 3000,1406.8564965980725 
9, 138, 2500,1532.6345575083078 
9, 139, 4150,1609.548841988796 
9, 140, 2400,1424.5789737762004 
9, 141, 2600,1472.7350355201322 
9, 142, 3400,1594.6130115378014 
9, 143, 2650,1404.0295544962685 
9, 144, 2650,1485.5542617644314 
9, 145, 3050,1514.9319916728737 
9, 146, 3150,1636.9702859770293 
9, 147, 4600,1598.1251641858469 
9, 148, 3150,1643.1070438579945 
9, 149, 3650,1585.7560412062828 
9, 150, 3250,1766.0012325973485 
9, 151, 3350,1710.4193472462662 
9, 152, 4100,1646.014086737223 
9, 153, 4100,1744.607492541031 
9, 154, 3800,1670.2461561764546 
9, 155, 3950,1714.790089341856 
9, 156, 4000,1682.4297004539883 
9, 157, 3650,1842.8592052853767 
9, 158, 3650,1771.4180674524491 
9, 159, 3150,1683.9125916037376 
9, 160, 3000,1714.9799745569373 
9, 161, 3700,1653.3302785895532 
9, 162, 3500,1613.3811506813067 
9, 163, 3150,1708.572858300521 
9, 164, 3150,1557.6201576621804 
9, 165, 3300,1550.5518730797467 
9, 166, 3300,1657.4743473493675 
9, 167, 3300,1587.3504860794183 
9, 168, 3400,1619.8578313973712 
9, 169, 3800,1646.3455091060125 
9, 170, 3300,1635.6102713042492 
9, 171, 3650,1645.4685249699146 
9, 172, 3300,1568.7828229090683 
9, 173, 3650,1681.5681564083166 
9, 174, 3300,1745.9257045065135 
9, 175, 3150,1663.632389463708 
9, 176, 3150,1661.3031881111535 
9, 177, 3400,1794.628911305323 
9, 178, 3150,1787.6441101758662 
9, 179, 3650,1766.4478852525287 
9, 180, 4100,1697.051141173293 
9, 181, 4100,1688.171190874009 
9, 182, 3300,1517.0521488143452 
9, 183, 3300,1571.0155629368855 
9, 184, 3300,1790.1980591289587 
9, 185, 3600,1763.0233301423616 
9, 186, 3600,1583.3448165452805 
9, 187, 3800,1763.5003071543065 
9, 188, 3800,1619.1873507311243 
9, 189, 3700,1632.5867186582752 
9, 190, 3300,1633.4318925118205 
9, 191, 3350,1782.7396349609232 
9, 192, 3350,1828.4132326952104 
9, 193, 3600,1896.8338851567335 
9, 194, 3550,1732.3237152869133 
9, 195, 3300,1828.631090916554 
9, 196, 3300,1947.5015722040828 
9, 197, 3300,1901.876797675221 
9, 198, 3400,1844.6627213546533 
9, 199, 3300,2140.738567915666 
10, 0, 1800,1770.9932013398357 
10, 1, 1800,1770.0604195588605 
10, 2, 1800,1846.1305424584632 
10, 3, 1700,1761.44998810811 
10, 4, 2700,1843.0236328140534 
10, 5, 2300,1850.8973390212543 
10, 6, 2350,1826.022337146393 
10, 7, 2900,1977.673615461593 
10, 8, 2900,1821.3089837096325 
10, 9, 2350,1863.3825954348981 
10, 10, 2350,1712.6758554550204 
10, 11, 2350,1709.3216653267914 
10, 12, 2750,1706.3857338618584 
10, 13, 2350,1735.5609229213812 
10, 14, 2350,1537.7961240658396 
10, 15, 2350,1545.7520806874222 
10, 16, 2400,1688.6115119777664 
10, 17, 2350,1640.2023156804883 
10, 18, 2750,1665.188056234569 
10, 19, 2050,1466.3631745225873 
10, 20, 2650,1508.4338657272076 
10, 21, 2350,1463.9209836820587 
10, 22, 2350,1376.3011291064895 
10, 23, 2500,1628.283473694636 
10, 24, 1350,1620.2296725832396 
10, 25, 1650,1530.7194452942774 
10, 26, 2250,1680.7660440851055 
10, 27, 2400,1654.523948134174 
10, 28, 2650,1711.0410175201423 
10, 29, 2500,1722.3494495202262 
10, 30, 2150,1769.6176040733956 
10, 31, 2050,1674.8341543103438 
10, 32, 2600,1825.6380509096794 
10, 33, 2650,1850.5011606196158 
10, 34, 2250,1777.839100899423 
10, 35, 2950,1828.022611092835 
10, 36, 2950,1715.9636689427061 
10, 37, 3200,1772.1569206803192 
10, 38, 3200,1886.9179482516836 
10, 39, 3200,1814.7248448804196 
10, 40, 2300,1801.969391213038 
10, 41, 3350,1846.5678646580739 
10, 42, 2450,1809.8827324029878 
10, 43, 3550,1645.6501432380437 
10, 44, 3850,1908.3994960080124 
10, 45, 2550,1854.4377568253387 
10, 46, 2800,1764.8601398216554 
10, 47, 3950,1918.8377032237852 
10, 48, 3350,1853.804441976259 
10, 49, 3700,1906.0454063083312 
10, 50, 3250,1915.9813662871557 
10, 51, 3100,1910.7949585806882 
10, 52, 3100,2197.3103393177594 
10, 53, 3300,1904.8306481101667 
10, 54, 3550,1903.4908786890799 
10, 55, 3550,1878.436648499023 
10, 56, 3550,1838.141353749389 
10, 57, 3500,1831.2718437349943 
10, 58, 3100,1819.6993729956628 
10, 59, 3550,1961.92874333891 
10, 60, 2950,1895.3092016072126 
10, 61, 3050,1839.481358064459 
10, 62, 2950,1582.3473006258707 
10, 63, 3250,1628.7551018548436 
10, 64, 2950,1610.6974303453806 
10, 65, 3700,1473.0282146694003 
10, 66, 3700,1449.9125713802418 
10, 67, 3700,1482.13903231482 
10, 68, 3700,1507.916734699857 
10, 69, 3700,1537.169443812197 
10, 70, 3850,1704.9075776958846 
10, 71, 3750,1539.9622027369976 
10, 72, 3600,1605.6072044399573 
10, 73, 3400,1623.6518105863097 
10, 74, 3200,1718.959854039058 
10, 75, 3950,1806.40687777721 
10, 76, 3300,1717.6375601036407 
10, 77, 3300,1658.2785890156933 
10, 78, 3100,1483.3529961243585 
10, 79, 3700,1749.493144492502 
10, 80, 4100,1805.8039844631617 
10, 81, 3450,1554.3255869678753 
10, 82, 2950,1720.2315882379667 
10, 83, 3300,1546.1855148929078 
10, 84, 3850,1573.0382202681035 
10, 85, 4300,1958.102823313083 
10, 86, 3300,1630.4497582389388 
10, 87, 3600,1698.5938183085325 
10, 88, 3600,1690.3257112465071 
10, 89, 3750,1804.5600907734054 
10, 90, 3750,1862.0241918162853 
10, 91, 3500,1705.3151460872994 
10, 92, 4250,1742.450092034869 
10, 93, 3900,1893.0694304982237 
10, 94, 4300,1980.685716889711 
10, 95, 3850,1971.6343909856034 
10, 96, 4500,1876.5115792530316 
10, 97, 4500,1928.3422382654974 
10, 98, 4500,1829.0320755343066 
10, 99, 3900,2088.9212333623113 
10, 100, 3950,1982.263462394299 
10, 101, 3950,1785.8311592345256 
10, 102, 3900,1832.7874531665827 
10, 103, 3900,1818.6116221786422 
10, 104, 3900,1890.2147678734468 
10, 105, 3300,1736.1703909071327 
10, 106, 3300,1893.5629262201865 
10, 107, 3800,1785.5069591043607 
10, 108, 3800,1750.3734089350964 
10, 109, 3800,1790.2848794242077 
10, 110, 3650,1720.0742143960833 
10, 111, 3250,1468.2357309424674 
10, 112, 3250,1713.818172173678 
10, 113, 3250,1664.9676188194087 
10, 114, 3250,1556.9183334297586 
10, 115, 3400,1603.1547182056543 
10, 116, 1850,1637.3740987917024 
10, 117, 2500,1555.5273716783013 
10, 118, 2000,1536.440856346415 
10, 119, 3500,1567.8705883516604 
10, 120, 3500,1624.1780360937323 
10, 121, 3500,1566.140707973494 
10, 122, 3600,1540.1281430354088 
10, 123, 3650,1516.6869795509533 
10, 124, 3650,1490.8789184554691 
10, 125, 3650,1502.7647080221068 
10, 126, 3650,1600.1751008984465 
10, 127, 2850,1412.750290687772 
10, 128, 2850,1553.8589142044154 
10, 129, 3400,1709.9957912406119 
10, 130, 3900,1651.7361542426572 
10, 131, 3900,1572.379654465733 
10, 132, 3900,1546.218178836886 
10, 133, 2750,1554.2203053543465 
10, 134, 2500,1461.7234189597407 
10, 135, 3350,1634.3140994795265 
10, 136, 2900,1564.1561929550373 
10, 137, 2950,1631.5911394907262 
10, 138, 2650,1677.2466464808667 
10, 139, 2500,1489.1705880805061 
10, 140, 2500,1513.1353327952975 
10, 141, 2900,1501.2394710688063 
10, 142, 2700,1570.634803787528 
10, 143, 2650,1622.4199409050866 
10, 144, 3000,1676.7780401590414 
10, 145, 2950,1643.3631443604984 
10, 146, 3400,1556.428425737735 
10, 147, 3000,1599.5166567915244 
10, 148, 3550,1614.843630044392 
10, 149, 2450,1540.1110907065022 
10, 150, 2450,1525.134453420452 
10, 151, 2450,1410.5549985875787 
10, 152, 3550,1433.5690433391069 
10, 153, 3550,1535.7872327384493 
10, 154, 3600,1429.5990820343777 
10, 155, 3550,1429.2728779333777 
10, 156, 4250,1605.1467096798224 
10, 157, 2950,1440.7394110334633 
10, 158, 2850,1376.3170001305966 
10, 159, 2850,1347.107919758008 
10, 160, 2800,1449.280211454338 
10, 161, 2650,1594.3298360949739 
10, 162, 3550,1614.1491644989087 
10, 163, 2750,1477.8734209954682 
10, 164, 2850,1625.4039901861725 
10, 165, 2750,1611.3044467765924 
10, 166, 3100,1728.402076304509 
10, 167, 3150,1697.8872046151828 
10, 168, 3200,1627.6725497755774 
10, 169, 3100,1606.635467445097 
10, 170, 3100,1650.1560226202548 
10, 171, 3550,1706.6473572534549 
10, 172, 3400,1926.861162459283 
10, 173, 3950,1735.9748956663625 
10, 174, 3300,1753.6060249979444 
10, 175, 3850,1839.6543235899048 
10, 176, 3250,1854.8598465935506 
10, 177, 4350,1875.148142295844 
10, 178, 4350,2085.918154064187 
10, 179, 4100,2141.9178605194274 
10, 180, 4100,1973.4650728957415 
10, 181, 4100,1949.0515694054943 
10, 182, 4100,2009.885669395253 
10, 183, 4100,2054.9936714985256 
10, 184, 4100,1999.836546351029 
10, 185, 4100,1999.8727232228828 
10, 186, 3300,1940.6015416448436 
10, 187, 2850,1862.4798148184211 
10, 188, 2850,1976.3245143089698 
10, 189, 2850,1815.9575346567904 
10, 190, 2850,2006.7896745747419 
10, 191, 2850,1823.661748164163 
10, 192, 2900,1945.6770912549553 
10, 193, 4250,2049.433218026759 
10, 194, 4200,2242.9923983352905 
10, 195, 4200,2120.4425876870064 
10, 196, 4000,2042.3260530754405 
10, 197, 3800,1975.9017887506147 
10, 198, 2900,1876.536676697234 
10, 199, 2900,1970.0363402278094 
