1, 0, 0,0.0 
1, 1, 0,88.26103387684795 
1, 2, 0,115.51833122273213 
1, 3, 0,177.79965458829545 
1, 4, 0,181.54176968789895 
1, 5, 0,249.24392741556485 
1, 6, 0,237.45406786036398 
1, 7, 0,387.944323298844 
1, 8, 0,304.2026172195636 
1, 9, 0,382.0809581565909 
1, 10, 0,448.8012765786054 
1, 11, 0,495.4097477662487 
1, 12, 0,642.8354094450333 
1, 13, 0,606.6183796967074 
1, 14, 0,550.5497344482242 
1, 15, 0,578.030258548789 
1, 16, 0,581.575455208531 
1, 17, 0,619.738915376728 
1, 18, 0,565.2557837033612 
1, 19, 0,598.4415787963961 
1, 20, 0,554.5548401259074 
1, 21, 0,589.3953758648851 
1, 22, 0,639.5022053965653 
1, 23, 0,665.2864804053221 
1, 24, 0,810.9216355418685 
1, 25, 0,762.7242773324599 
1, 26, 0,760.1999736911334 
1, 27, 0,798.7160403618504 
1, 28, 0,768.3077035099461 
1, 29, 0,761.6408323978944 
1, 30, 0,760.3009770857695 
1, 31, 0,780.1759449319782 
1, 32, 0,757.2060485759474 
1, 33, 0,758.7140303157572 
1, 34, 0,869.2631501693974 
1, 35, 0,728.9139284932859 
1, 36, 0,705.1962618142326 
1, 37, 0,760.0498388762131 
1, 38, 0,772.9143261420088 
1, 39, 0,701.2422166873914 
1, 40, 0,819.4134635472035 
1, 41, 0,813.38347460941 
1, 42, 0,892.1992518773511 
1, 43, 0,916.3724045596222 
1, 44, 0,966.079921197731 
1, 45, 0,811.4253514711634 
1, 46, 0,809.5472234963858 
1, 47, 0,950.3952341053174 
1, 48, 0,757.0552933384174 
1, 49, 0,775.5216947254919 
1, 50, 0,941.6559398691802 
1, 51, 0,919.3680086633075 
1, 52, 0,901.657838975439 
1, 53, 0,892.7735469090726 
1, 54, 0,908.4641885171819 
1, 55, 0,963.8803941057283 
1, 56, 0,963.3259462860319 
1, 57, 0,892.0355736440474 
1, 58, 0,898.549105474762 
1, 59, 0,964.5861833193056 
1, 60, 0,1019.1414241528221 
1, 61, 0,1020.7544199554494 
1, 62, 0,1035.4231848462598 
1, 63, 0,1061.33940058415 
1, 64, 0,1082.8013565644337 
1, 65, 0,1110.6298331409193 
1, 66, 0,1157.183427486103 
1, 67, 0,1048.8635311949345 
1, 68, 0,1147.1936553295102 
1, 69, 0,1117.2157446984088 
1, 70, 0,1044.7264153012898 
1, 71, 0,976.0200569225775 
1, 72, 0,1108.913728188833 
1, 73, 0,1103.315480950508 
1, 74, 0,1136.368200394875 
1, 75, 0,1046.4329791238329 
1, 76, 0,1049.7949535239939 
1, 77, 0,978.2012971662723 
1, 78, 0,1070.3374526878254 
1, 79, 0,909.8533292833965 
1, 80, 0,965.7709329595165 
1, 81, 0,996.3537362186021 
1, 82, 0,1186.3594086383125 
1, 83, 0,1178.7768485111415 
1, 84, 0,1161.6859048013544 
1, 85, 0,1112.2149890278326 
1, 86, 0,1146.4808869939457 
1, 87, 0,1140.781138545254 
1, 88, 0,1134.0131828995195 
1, 89, 0,1181.995962152771 
1, 90, 0,1210.176980128247 
1, 91, 0,1277.5985047713305 
1, 92, 0,1195.7983006166114 
1, 93, 0,1113.1580836484634 
1, 94, 0,1137.2288265957754 
1, 95, 0,1137.175732446242 
1, 96, 0,1142.4204501182937 
1, 97, 0,1079.1166374269824 
1, 98, 0,1081.3812529082488 
1, 99, 0,1196.3171600686615 
1, 100, 0,1109.83254265104 
1, 101, 0,1131.8919354493844 
1, 102, 0,1008.6032896831122 
1, 103, 0,1046.6725101168672 
1, 104, 0,1118.176925340367 
1, 105, 0,973.8225213201341 
1, 106, 0,961.6841078193626 
1, 107, 0,907.898761765959 
1, 108, 0,1069.4881764638446 
1, 109, 0,979.5499842872601 
1, 110, 0,1015.2950061410475 
1, 111, 0,984.6369940749789 
1, 112, 0,1010.7118403592708 
1, 113, 0,1060.1203047796323 
1, 114, 0,1015.4125200422664 
1, 115, 0,1026.4593405380351 
1, 116, 0,964.4669643137214 
1, 117, 0,1050.2609776679894 
1, 118, 0,1043.2651686513896 
1, 119, 0,1114.0825096840172 
1, 120, 0,1252.1873347115923 
1, 121, 0,1147.8823013609792 
1, 122, 0,1269.0927165626329 
1, 123, 0,1167.676619132492 
1, 124, 0,1176.1708930665516 
1, 125, 0,1138.9498796184264 
1, 126, 0,1243.2104537540024 
1, 127, 0,1225.2787108213051 
1, 128, 0,1079.206868328063 
1, 129, 0,1056.2559138558968 
1, 130, 0,1185.9401035857288 
1, 131, 0,1354.0850129228306 
1, 132, 0,1151.1486183000618 
1, 133, 0,1190.2524984645106 
1, 134, 0,1125.3353978151392 
1, 135, 0,1311.580448438933 
1, 136, 0,1266.840594119517 
1, 137, 0,1020.3450149311994 
1, 138, 0,1044.0258327234721 
1, 139, 0,1157.7695379609463 
1, 140, 0,1088.9180062072737 
1, 141, 0,1377.5437773754627 
1, 142, 70,1376.402131748868 
1, 143, 70,1304.0013439603906 
1, 144, 70,1474.316616215284 
1, 145, 70,1264.7520258409104 
1, 146, 70,1405.3492718031257 
1, 147, 70,1438.3579969092282 
1, 148, 0,1544.7801844216601 
1, 149, 0,1475.2491691613018 
1, 150, 0,1457.100604528449 
1, 151, 70,1375.2874410298907 
1, 152, 0,1301.6540021888081 
1, 153, 0,1458.4955961676415 
1, 154, 0,1410.8658384628263 
1, 155, 0,1504.2925079567967 
1, 156, 0,1309.0678308852393 
1, 157, 0,1310.271847034543 
1, 158, 0,1251.2751314341122 
1, 159, 0,1301.5107771471978 
1, 160, 0,1264.8842123716584 
1, 161, 0,1161.9744777182875 
1, 162, 0,1177.5591087267996 
1, 163, 460,1274.9440035237674 
1, 164, 1100,1465.0199950371277 
1, 165, 290,1423.5879092467508 
1, 166, 0,1402.614168276688 
1, 167, 0,1401.427479321702 
1, 168, 0,1374.1104413585194 
1, 169, 0,1221.933469563873 
1, 170, 0,1230.9698032712486 
1, 171, 0,1241.311114438392 
1, 172, 560,1258.5348022541325 
1, 173, 0,1090.9638774121634 
1, 174, 0,1074.4262222557243 
1, 175, 0,1152.5279154795323 
1, 176, 0,1076.6610376060748 
1, 177, 0,1055.7629248725082 
1, 178, 0,1159.0432269851724 
1, 179, 0,1003.7136850796454 
1, 180, 0,1137.3314682566681 
1, 181, 70,1304.580369081928 
1, 182, 0,1177.2160448114935 
1, 183, 0,1092.6748571438548 
1, 184, 0,1220.5289298852645 
1, 185, 0,1098.26251668513 
1, 186, 0,1264.7262809227004 
1, 187, 0,1278.7481054420832 
1, 188, 130,1281.302757967748 
1, 189, 0,1314.234746800194 
1, 190, 0,1449.3979070390894 
1, 191, 230,1437.1211788949054 
1, 192, 120,1425.876342266167 
1, 193, 0,1276.3047354678968 
1, 194, 0,1237.934349852792 
1, 195, 0,1355.7393562260418 
1, 196, 0,1363.5867883244284 
1, 197, 20,1368.1981478269774 
1, 198, 0,1462.8065283536096 
1, 199, 0,1533.5286305139728 
2, 0, 0,0.0 
2, 1, 0,0.0 
2, 2, 0,30.459610614515064 
2, 3, 0,145.5445712564444 
2, 4, 0,97.88031240017348 
2, 5, 0,177.28191895362252 
2, 6, 0,199.7467841487762 
2, 7, 0,164.0367968081269 
2, 8, 0,202.9132272124658 
2, 9, 0,219.210590137162 
2, 10, 0,272.6002549336647 
2, 11, 0,314.7212972607589 
2, 12, 0,373.7882915082906 
2, 13, 0,430.17055579235904 
2, 14, 0,462.1477637677754 
2, 15, 0,364.03711377003884 
2, 16, 0,283.6217961164537 
2, 17, 0,399.37591466201513 
2, 18, 0,412.5510191895585 
2, 19, 0,502.2844278540262 
2, 20, 0,560.1076646142204 
2, 21, 0,557.6749261284061 
2, 22, 0,524.4051464047217 
2, 23, 0,426.4402334762431 
2, 24, 0,395.05202316922896 
2, 25, 0,420.74175721293255 
2, 26, 0,529.480400911587 
2, 27, 0,489.2075121040047 
2, 28, 0,469.8374853353685 
2, 29, 0,470.4894829168379 
2, 30, 0,544.5433264152948 
2, 31, 0,487.08445122613244 
2, 32, 0,424.35066259932347 
2, 33, 0,393.65691620593645 
2, 34, 0,476.300675344192 
2, 35, 0,527.4332740601967 
2, 36, 0,496.8209644399788 
2, 37, 0,614.0593858031398 
2, 38, 0,588.0161047062736 
2, 39, 0,629.2803007958353 
2, 40, 0,734.2022125333652 
2, 41, 0,689.5509884385386 
2, 42, 0,821.7685965420109 
2, 43, 0,673.6533517944065 
2, 44, 0,692.3535909847619 
2, 45, 0,748.5772296075194 
2, 46, 0,751.5049950437839 
2, 47, 0,806.6259694216735 
2, 48, 0,729.9967898089095 
2, 49, 0,745.9811788456323 
2, 50, 0,752.5839394104726 
2, 51, 0,697.3505053219129 
2, 52, 0,801.1759728011939 
2, 53, 0,771.0841049909517 
2, 54, 0,840.5361444346163 
2, 55, 0,923.4829711368791 
2, 56, 0,928.5159441742821 
2, 57, 0,997.3357235427524 
2, 58, 0,995.2376448351266 
2, 59, 0,1033.5660734964301 
2, 60, 0,1192.2966378914573 
2, 61, 0,1051.878641653911 
2, 62, 0,1007.6695987286806 
2, 63, 0,1128.5319461740344 
2, 64, 0,1138.127045508177 
2, 65, 0,1054.282637051317 
2, 66, 0,945.4010105278452 
2, 67, 0,1025.2661837175492 
2, 68, 0,1028.0984899563393 
2, 69, 0,1136.1012323296768 
2, 70, 0,964.575564796258 
2, 71, 0,1051.0089236423055 
2, 72, 0,1061.477358127898 
2, 73, 0,1065.9034153754696 
2, 74, 0,1078.1881312946487 
2, 75, 0,1120.2622844042307 
2, 76, 0,1193.8720808589776 
2, 77, 0,976.6785395906729 
2, 78, 0,1076.943392526771 
2, 79, 0,997.4962342654419 
2, 80, 0,1076.4433157956867 
2, 81, 0,1031.439594141914 
2, 82, 0,1167.7509074362486 
2, 83, 0,1198.9085945900206 
2, 84, 0,1338.0284757882405 
2, 85, 0,1232.2376951602062 
2, 86, 0,1201.4683777054902 
2, 87, 0,1230.1033667660995 
2, 88, 0,1325.0511672986806 
2, 89, 0,1314.8011333285426 
2, 90, 0,1198.298692970896 
2, 91, 0,1137.1916987016568 
2, 92, 0,1251.015119126395 
2, 93, 0,1200.4037872837841 
2, 94, 0,1119.6452315106087 
2, 95, 0,1132.262288027332 
2, 96, 0,1129.7588193499487 
2, 97, 0,1106.9897118863491 
2, 98, 0,1049.5610000992285 
2, 99, 0,1036.425792926066 
2, 100, 0,1135.599743649926 
2, 101, 0,1122.0155880369844 
2, 102, 0,1084.2769782931691 
2, 103, 0,1077.9736883279074 
2, 104, 0,1184.5988921797687 
2, 105, 0,1079.239589205794 
2, 106, 0,1234.3266106740882 
2, 107, 0,1214.1394924269234 
2, 108, 0,1204.0816568504133 
2, 109, 0,1263.659824286248 
2, 110, 0,1173.5821490658677 
2, 111, 0,1233.264940773642 
2, 112, 0,1093.766082132849 
2, 113, 0,1134.388862299472 
2, 114, 0,1165.9140906030198 
2, 115, 0,1142.490187390171 
2, 116, 0,1258.3640333401302 
2, 117, 0,1246.9715840038743 
2, 118, 0,1335.6074356719575 
2, 119, 0,1247.8497829498872 
2, 120, 0,1346.4266812867338 
2, 121, 0,1473.1408725247666 
2, 122, 0,1440.6417586505247 
2, 123, 0,1520.366396563006 
2, 124, 130,1557.5568929408244 
2, 125, 0,1608.3557071767677 
2, 126, 0,1537.3439774658452 
2, 127, 0,1550.8942321099526 
2, 128, 0,1523.4015467785482 
2, 129, 20,1549.4276688539226 
2, 130, 0,1547.751614635262 
2, 131, 0,1585.329367046546 
2, 132, 0,1632.0512314943492 
2, 133, 0,1461.7972713841898 
2, 134, 0,1353.9686335384806 
2, 135, 0,1356.0097247945434 
2, 136, 0,1362.1985015319015 
2, 137, 0,1406.4586805882425 
2, 138, 370,1474.8682529759612 
2, 139, 0,1385.3118235562881 
2, 140, 0,1435.5588747342558 
2, 141, 0,1571.0437757919242 
2, 142, 320,1509.6653050704099 
2, 143, 320,1443.7353348767624 
2, 144, 0,1391.7487872704207 
2, 145, 0,1391.410341119304 
2, 146, 0,1410.3209606756939 
2, 147, 0,1399.7408273814062 
2, 148, 0,1276.0114783689419 
2, 149, 0,1318.5636507238098 
2, 150, 0,1455.4895597653247 
2, 151, 0,1369.2599601185445 
2, 152, 0,1500.5637189894585 
2, 153, 0,1385.469894397864 
2, 154, 310,1452.2950802092528 
2, 155, 310,1477.0496664539473 
2, 156, 310,1592.5875140471842 
2, 157, 120,1585.5150487134993 
2, 158, 0,1304.0021185767012 
2, 159, 0,1310.959999852063 
2, 160, 0,1363.0348602669817 
2, 161, 0,1367.9412940029204 
2, 162, 0,1397.5959843078883 
2, 163, 0,1294.0684415103906 
2, 164, 0,1469.1576504991565 
2, 165, 0,1450.9464831514967 
2, 166, 0,1504.3104262704087 
2, 167, 0,1441.0894588063672 
2, 168, 0,1517.762371440805 
2, 169, 0,1668.0433223548257 
2, 170, 0,1532.3392396772151 
2, 171, 0,1403.0144314829747 
2, 172, 0,1484.1939076669044 
2, 173, 0,1437.2554196850822 
2, 174, 70,1649.3397852694657 
2, 175, 450,1740.8429718171749 
2, 176, 0,1436.5171264365263 
2, 177, 0,1441.3576477359354 
2, 178, 0,1704.9864953995823 
2, 179, 0,1631.0737957777162 
2, 180, 0,1499.1993654526864 
2, 181, 0,1370.088292517285 
2, 182, 0,1425.6197093038365 
2, 183, 0,1424.5080525989285 
2, 184, 150,1411.1699387244598 
2, 185, 0,1387.5020029105572 
2, 186, 100,1402.558308264155 
2, 187, 0,1204.088590317728 
2, 188, 0,1151.8536488125687 
2, 189, 0,1229.833736812428 
2, 190, 0,1187.6009260673216 
2, 191, 0,1256.1218616492317 
2, 192, 0,1310.830933939895 
2, 193, 740,1493.1456152307546 
2, 194, 0,1359.84260452852 
2, 195, 20,1431.067680814121 
2, 196, 0,1332.149853553733 
2, 197, 0,1420.8818253521865 
2, 198, 0,1348.0861255944303 
2, 199, 210,1331.740150435823 
3, 0, 0,0.0 
3, 1, 0,43.0 
3, 2, 0,146.06941064874852 
3, 3, 0,123.63399061893794 
3, 4, 0,221.09105030564336 
3, 5, 0,247.95234146174874 
3, 6, 0,262.93786952876 
3, 7, 0,323.3544354251089 
3, 8, 0,376.06708782537 
3, 9, 0,315.7036553158642 
3, 10, 0,334.53255492258194 
3, 11, 0,359.97889949385655 
3, 12, 0,395.876153983704 
3, 13, 0,404.723861466561 
3, 14, 0,456.5032222440406 
3, 15, 0,457.8847281166126 
3, 16, 0,370.61340090354656 
3, 17, 0,376.8054986838486 
3, 18, 0,430.6955966453534 
3, 19, 0,422.91680773247384 
3, 20, 0,461.08649684821347 
3, 21, 0,370.20245621262234 
3, 22, 0,386.9578188063313 
3, 23, 0,438.4543443976945 
3, 24, 0,391.03306584719735 
3, 25, 0,486.23064735189456 
3, 26, 0,449.1515120848207 
3, 27, 0,543.5790390708344 
3, 28, 0,598.5083815856574 
3, 29, 0,536.9711069480086 
3, 30, 0,431.3734115612832 
3, 31, 0,555.9740201764027 
3, 32, 0,436.5023979708971 
3, 33, 0,475.7601466828818 
3, 34, 0,489.3977333561542 
3, 35, 0,587.0358686750845 
3, 36, 0,500.7601897882535 
3, 37, 0,583.3542507072198 
3, 38, 0,601.5950515592745 
3, 39, 0,795.6574754137727 
3, 40, 0,628.7266191407531 
3, 41, 0,670.6472375039781 
3, 42, 0,771.5410003049191 
3, 43, 0,785.7031271672552 
3, 44, 0,746.3667890778527 
3, 45, 0,762.5111292448277 
3, 46, 0,830.5681151714132 
3, 47, 0,802.336235217776 
3, 48, 0,826.6366746758772 
3, 49, 0,872.9416829423268 
3, 50, 0,842.5932253669878 
3, 51, 0,843.8239739364478 
3, 52, 0,905.0289129819739 
3, 53, 0,859.2083448139804 
3, 54, 0,861.1728612593972 
3, 55, 0,871.345754704999 
3, 56, 0,879.9433866086861 
3, 57, 0,871.1762395772972 
3, 58, 0,917.6021177311255 
3, 59, 0,882.179372035214 
3, 60, 0,879.4581148398006 
3, 61, 0,960.2174574837544 
3, 62, 0,868.9712947566859 
3, 63, 0,851.4567671130615 
3, 64, 0,771.72750594646 
3, 65, 0,905.8761928473872 
3, 66, 0,880.8925684620782 
3, 67, 0,851.495054761229 
3, 68, 0,870.9560751544735 
3, 69, 0,867.1281929624379 
3, 70, 0,914.8455739863555 
3, 71, 0,920.0288972185448 
3, 72, 0,941.9097299603287 
3, 73, 0,938.6093893940044 
3, 74, 0,1007.1546880477525 
3, 75, 0,1110.68774762634 
3, 76, 0,1118.5499767578785 
3, 77, 0,998.8074909813222 
3, 78, 0,1040.9683283395611 
3, 79, 0,1032.240531635682 
3, 80, 0,1152.7457734391473 
3, 81, 0,1113.5355423336985 
3, 82, 0,1092.2784267832822 
3, 83, 0,1191.803234386847 
3, 84, 0,1165.1158523919196 
3, 85, 0,1025.4976618917542 
3, 86, 0,1143.0952309719025 
3, 87, 0,1097.1656551075023 
3, 88, 0,1015.59784353748 
3, 89, 0,1138.3618346846783 
3, 90, 0,1168.8072959001818 
3, 91, 0,1091.3610212885005 
3, 92, 0,1353.344290148212 
3, 93, 0,1089.7172786896367 
3, 94, 0,1194.10004149188 
3, 95, 0,1231.5859201809183 
3, 96, 0,1190.851740850585 
3, 97, 0,1150.442492823057 
3, 98, 0,1149.3864678711216 
3, 99, 0,1027.2201331848019 
3, 100, 0,1128.5531051355586 
3, 101, 0,1139.4725831176315 
3, 102, 0,1162.5957373415956 
3, 103, 0,1156.556260559072 
3, 104, 0,1062.165745402793 
3, 105, 0,1212.1731841130738 
3, 106, 0,1131.9691031583195 
3, 107, 0,1192.5577977649975 
3, 108, 0,1394.6530070598242 
3, 109, 0,1361.4194130325225 
3, 110, 0,1242.3964257787766 
3, 111, 0,1376.2395698189155 
3, 112, 0,1370.932216199671 
3, 113, 0,1393.3351130915123 
3, 114, 0,1200.79433305751 
3, 115, 0,1290.5910477472144 
3, 116, 0,1378.018911775931 
3, 117, 0,1327.0379562671662 
3, 118, 0,1349.4619204510643 
3, 119, 0,1327.5800114752733 
3, 120, 0,1443.789133012872 
3, 121, 0,1496.880243922828 
3, 122, 0,1415.2004390998056 
3, 123, 0,1444.30742901051 
3, 124, 0,1386.531356306161 
3, 125, 0,1329.5053990340189 
3, 126, 0,1358.7946641762837 
3, 127, 0,1381.6522790492622 
3, 128, 0,1491.8091890606038 
3, 129, 0,1473.9782319569133 
3, 130, 0,1616.12643269784 
3, 131, 0,1541.3782498435967 
3, 132, 0,1629.370690937102 
3, 133, 0,1776.3138856075016 
3, 134, 0,1550.4448726189214 
3, 135, 0,1593.2598055812518 
3, 136, 0,1679.2977247899935 
3, 137, 0,1444.375703103999 
3, 138, 0,1309.7643245479646 
3, 139, 0,1583.0876970546062 
3, 140, 0,1610.9693769073742 
3, 141, 0,1571.89077100147 
3, 142, 0,1635.1877259170885 
3, 143, 220,1666.9171054265526 
3, 144, 0,1635.8622938513022 
3, 145, 560,1762.1159227623264 
3, 146, 60,1633.2166779615363 
3, 147, 60,1627.4204785922457 
3, 148, 60,1827.8176505429537 
3, 149, 60,1802.0117826047822 
3, 150, 210,1526.3690857255285 
3, 151, 60,1510.884184906977 
3, 152, 250,1756.1003514732422 
3, 153, 0,1578.2635228233426 
3, 154, 0,1423.5065397415176 
3, 155, 0,1508.8214144179094 
3, 156, 300,1667.5976187863241 
3, 157, 490,1581.6406869533494 
3, 158, 610,1708.9658370848822 
3, 159, 710,1882.4578388775444 
3, 160, 490,1636.7842672062 
3, 161, 450,1722.7195407731392 
3, 162, 540,1499.9242405110756 
3, 163, 300,1544.4160578017697 
3, 164, 150,1589.4058956132321 
3, 165, 550,1485.5121043334557 
3, 166, 420,1645.0279264461983 
3, 167, 0,1731.8256000795545 
3, 168, 0,1586.3143739275936 
3, 169, 450,1631.901967123954 
3, 170, 110,1602.552118631183 
3, 171, 0,1561.7446085138959 
3, 172, 250,1672.53735444689 
3, 173, 20,1645.657926210976 
3, 174, 310,1651.4947591179148 
3, 175, 200,1610.787106047879 
3, 176, 490,1558.1229188684154 
3, 177, 320,1754.3583937546439 
3, 178, 170,1600.855614029478 
3, 179, 0,1681.214360892961 
3, 180, 0,1593.5766613996252 
3, 181, 0,1547.3587107707056 
3, 182, 410,1543.2632191678656 
3, 183, 300,1505.2665927175542 
3, 184, 900,1530.4032973452627 
3, 185, 900,1776.863938107095 
3, 186, 220,1346.7115054041378 
3, 187, 560,1373.554571764865 
3, 188, 890,1498.7335091046477 
3, 189, 550,1444.3821474522551 
3, 190, 500,1471.6344071415388 
3, 191, 740,1649.7391866105334 
3, 192, 1500,1799.8947528153199 
3, 193, 1850,1674.0099410780938 
3, 194, 1310,1798.8472038019968 
3, 195, 1310,1751.972657297822 
3, 196, 1360,1799.2973347920847 
3, 197, 1310,1813.7543406097773 
3, 198, 1390,1829.3939466722884 
3, 199, 1310,1847.2873915746588 
4, 0, 0,0.0 
4, 1, 0,32.5748555195754 
4, 2, 0,124.45615024310102 
4, 3, 0,201.59192203633316 
4, 4, 0,214.5232910996902 
4, 5, 0,266.9490171882597 
4, 6, 0,261.1871885731524 
4, 7, 0,286.22720014179316 
4, 8, 0,313.2636124880943 
4, 9, 0,400.725037345504 
4, 10, 0,332.60830240431886 
4, 11, 0,336.9995204264789 
4, 12, 0,349.4878793002381 
4, 13, 0,292.54536037816064 
4, 14, 0,453.42672834736817 
4, 15, 0,430.9395889134918 
4, 16, 0,370.560645399902 
4, 17, 0,404.1853760118223 
4, 18, 0,444.15394546567666 
4, 19, 0,434.0785666445672 
4, 20, 0,498.2500589183319 
4, 21, 0,446.164020662058 
4, 22, 0,467.16968560846834 
4, 23, 0,446.3446487351959 
4, 24, 0,463.05721007018104 
4, 25, 0,470.1786786945894 
4, 26, 0,482.7105601170176 
4, 27, 0,512.0621411153497 
4, 28, 0,508.381021111393 
4, 29, 0,532.428171282998 
4, 30, 0,566.5647947646117 
4, 31, 0,615.4990994421855 
4, 32, 0,599.8701795582377 
4, 33, 0,462.40935775718697 
4, 34, 0,425.2373787460697 
4, 35, 0,550.0929581682196 
4, 36, 0,553.6013954557061 
4, 37, 0,536.6339063970422 
4, 38, 0,587.3591900888401 
4, 39, 0,623.7071557723353 
4, 40, 0,573.866172411638 
4, 41, 0,650.9897980550211 
4, 42, 0,716.9318114173915 
4, 43, 0,723.7647086832526 
4, 44, 0,767.2020528511312 
4, 45, 0,724.1241243562788 
4, 46, 0,632.6238051068572 
4, 47, 0,660.1923196992668 
4, 48, 0,753.5222074841041 
4, 49, 0,718.8052587453711 
4, 50, 0,784.0643655293418 
4, 51, 0,695.8581940759383 
4, 52, 0,640.4720165943271 
4, 53, 0,638.0452708678026 
4, 54, 0,699.8751042980181 
4, 55, 0,658.9417518439944 
4, 56, 0,777.0413909389405 
4, 57, 0,736.1484259648356 
4, 58, 0,724.3546413633632 
4, 59, 0,803.3266943017503 
4, 60, 0,670.4002347459872 
4, 61, 0,642.6377068163852 
4, 62, 0,759.5757454864612 
4, 63, 0,713.1141761897798 
4, 64, 0,718.7024222285407 
4, 65, 0,782.9463905690162 
4, 66, 0,927.8278314690095 
4, 67, 0,751.0303763914122 
4, 68, 0,680.2632511822837 
4, 69, 0,643.6394310261896 
4, 70, 0,672.1842805888182 
4, 71, 0,712.223797253179 
4, 72, 0,765.7680900094804 
4, 73, 0,777.7095287516485 
4, 74, 0,735.1532788707016 
4, 75, 0,711.4689882293684 
4, 76, 0,743.4936027792959 
4, 77, 0,738.8412713448162 
4, 78, 0,762.967220657598 
4, 79, 0,789.7523649725894 
4, 80, 0,781.2469377717763 
4, 81, 0,812.8740568644274 
4, 82, 0,743.6398607015647 
4, 83, 0,774.112825540739 
4, 84, 0,874.6867779931051 
4, 85, 0,855.1235010337408 
4, 86, 0,726.6421666706649 
4, 87, 0,811.8830276000666 
4, 88, 0,816.4514249439027 
4, 89, 0,940.970329827759 
4, 90, 0,973.3308634256748 
4, 91, 0,931.4087245249597 
4, 92, 0,890.2078919606874 
4, 93, 0,1002.3518001745351 
4, 94, 0,1036.0447077050471 
4, 95, 0,1050.3451044222743 
4, 96, 0,1004.933743230283 
4, 97, 0,1164.6566407783416 
4, 98, 0,1156.6313460679987 
4, 99, 0,1071.6129398851494 
4, 100, 0,1058.2822893918258 
4, 101, 0,1015.6415298577137 
4, 102, 0,1141.7518835703156 
4, 103, 0,1134.0717915030018 
4, 104, 0,1124.1187614745115 
4, 105, 0,1206.4542086526772 
4, 106, 0,1043.449717586484 
4, 107, 0,1145.0167613787949 
4, 108, 0,1169.3521430020276 
4, 109, 0,1113.5559748350818 
4, 110, 0,1107.0206808722173 
4, 111, 0,1104.04495498429 
4, 112, 0,1071.7761101568883 
4, 113, 0,1029.222885226882 
4, 114, 0,1056.717979826637 
4, 115, 0,980.2522660267126 
4, 116, 0,1068.6166409206462 
4, 117, 0,1112.3407433394361 
4, 118, 0,1107.7149972585526 
4, 119, 0,1158.8555657294926 
4, 120, 0,1099.4511532504926 
4, 121, 0,1140.8851959347314 
4, 122, 0,1209.0840468400997 
4, 123, 0,1388.9890626501046 
4, 124, 0,1294.0118338958985 
4, 125, 0,1246.848163745026 
4, 126, 0,1290.4544654007468 
4, 127, 0,1428.3295710851762 
4, 128, 0,1366.2676838154316 
4, 129, 0,1366.3898611030647 
4, 130, 0,1415.900794761434 
4, 131, 0,1236.9900704304116 
4, 132, 0,1143.3452424505658 
4, 133, 0,1034.960493073152 
4, 134, 0,1072.932708029537 
4, 135, 0,1163.2828156088738 
4, 136, 0,1297.0334294734726 
4, 137, 0,1211.9570782812234 
4, 138, 0,1178.933240628402 
4, 139, 0,1194.7562999045522 
4, 140, 0,1230.8657501732246 
4, 141, 0,1275.7579446483307 
4, 142, 0,1184.3745142052787 
4, 143, 0,1245.2952227962621 
4, 144, 0,1335.3393092046197 
4, 145, 0,1251.991641628278 
4, 146, 0,1354.8258078797326 
4, 147, 0,1337.311259221429 
4, 148, 0,1349.3557722113171 
4, 149, 0,1443.9291233060276 
4, 150, 0,1488.167047618029 
4, 151, 0,1572.7491564425998 
4, 152, 530,1595.8129399757165 
4, 153, 0,1580.9256813971397 
4, 154, 0,1499.1951241256156 
4, 155, 0,1399.7186261257054 
4, 156, 0,1423.3364700838333 
4, 157, 0,1496.2712037433305 
4, 158, 0,1556.5534674304306 
4, 159, 0,1397.0483459093607 
4, 160, 0,1540.2057320272825 
4, 161, 0,1545.754642283637 
4, 162, 0,1534.743607054266 
4, 163, 0,1410.5487004579588 
4, 164, 0,1494.495232511633 
4, 165, 0,1461.655526718891 
4, 166, 0,1428.671403716747 
4, 167, 20,1503.6924619755264 
4, 168, 0,1492.7427132901398 
4, 169, 0,1592.5555855069213 
4, 170, 220,1521.6784028224104 
4, 171, 320,1509.5420403940964 
4, 172, 0,1373.079764763883 
4, 173, 0,1366.5632037703158 
4, 174, 0,1507.5616274653785 
4, 175, 0,1322.1619118746846 
4, 176, 0,1300.8652908931444 
4, 177, 70,1581.8580655020662 
4, 178, 80,1586.6366689295692 
4, 179, 210,1546.0116527060948 
4, 180, 0,1575.8431797843107 
4, 181, 750,1594.8042405438248 
4, 182, 750,1718.6204797846888 
4, 183, 750,2012.7892702577303 
4, 184, 940,1796.8636283785977 
4, 185, 750,1698.4781393644694 
4, 186, 760,1749.5172090169517 
4, 187, 1200,1590.446157465879 
4, 188, 750,1665.5354312434404 
4, 189, 750,1752.3129765189688 
4, 190, 750,1755.6104466549634 
4, 191, 1390,1755.9075785024747 
4, 192, 750,1492.917620032003 
4, 193, 750,1702.708430706796 
4, 194, 750,1503.825425071311 
4, 195, 750,1616.3317366271947 
4, 196, 750,1737.6476000093292 
4, 197, 750,1923.3732572926885 
4, 198, 1730,1810.3895975589053 
4, 199, 750,1829.9310137684195 
5, 0, 0,0.0 
5, 1, 0,117.01139545645401 
5, 2, 0,95.69791486281669 
5, 3, 0,195.16920915456978 
5, 4, 0,195.9453644733293 
5, 5, 0,169.19309392023965 
5, 6, 0,206.33098348884675 
5, 7, 0,273.9406409196612 
5, 8, 0,281.51069735850666 
5, 9, 0,279.92307745687793 
5, 10, 0,224.2104891264979 
5, 11, 0,366.04204372964836 
5, 12, 0,331.32563554255313 
5, 13, 0,358.65533101383903 
5, 14, 0,366.98788959734236 
5, 15, 0,306.56287769362746 
5, 16, 0,272.1767659430024 
5, 17, 0,382.2776504325122 
5, 18, 0,428.7213311674377 
5, 19, 0,516.9266110504674 
5, 20, 0,425.03475793697794 
5, 21, 0,503.58548771220904 
5, 22, 0,475.55402034114513 
5, 23, 0,486.485894196867 
5, 24, 0,444.6659283988238 
5, 25, 0,455.53089240949834 
5, 26, 0,516.8306191479844 
5, 27, 0,517.8161114261753 
5, 28, 0,525.6793199991298 
5, 29, 0,579.5600124929325 
5, 30, 0,611.8623582592293 
5, 31, 0,633.751504690103 
5, 32, 0,519.2213575940594 
5, 33, 0,463.65629685809466 
5, 34, 0,460.1442351825318 
5, 35, 0,479.9351387153658 
5, 36, 0,546.7019482332399 
5, 37, 0,537.8578817960197 
5, 38, 0,520.9061549091374 
5, 39, 0,501.8823054111875 
5, 40, 0,510.68157071375373 
5, 41, 0,543.9274591414564 
5, 42, 0,556.4527896153519 
5, 43, 0,559.8383154035988 
5, 44, 0,542.8726807224208 
5, 45, 0,625.66757075216 
5, 46, 0,732.023147782151 
5, 47, 0,780.2627050480427 
5, 48, 0,666.9022614016436 
5, 49, 0,751.7057437937568 
5, 50, 0,790.0468979814433 
5, 51, 0,787.5453426099774 
5, 52, 0,941.0794307333972 
5, 53, 0,873.3435345228871 
5, 54, 0,935.1774206431676 
5, 55, 0,1043.3622563519336 
5, 56, 0,824.8982551279469 
5, 57, 0,864.4958593938383 
5, 58, 0,999.3273697438652 
5, 59, 0,944.183143294143 
5, 60, 0,871.3714025673102 
5, 61, 0,921.7715650755442 
5, 62, 0,920.1134921214004 
5, 63, 0,980.4031535212152 
5, 64, 0,907.3264978701844 
5, 65, 0,801.5208964679258 
5, 66, 0,844.100591209844 
5, 67, 0,920.3732224955638 
5, 68, 0,916.4284869629336 
5, 69, 0,919.3355692503629 
5, 70, 0,924.1614490111475 
5, 71, 0,976.5545700486115 
5, 72, 0,1011.5638258347191 
5, 73, 0,1044.6818229064345 
5, 74, 0,982.8400149309626 
5, 75, 0,982.6183533207734 
5, 76, 0,1169.0413019464136 
5, 77, 0,1025.1281811943265 
5, 78, 0,1009.4228574044205 
5, 79, 0,866.2259951926372 
5, 80, 0,948.2630319577885 
5, 81, 0,936.7110902870033 
5, 82, 0,961.4705645336452 
5, 83, 0,923.7335911802426 
5, 84, 0,1053.382449948064 
5, 85, 0,1009.9615504232493 
5, 86, 0,1009.3849462405162 
5, 87, 0,1092.668145764155 
5, 88, 0,1024.714574696759 
5, 89, 0,1110.097725245827 
5, 90, 0,986.9314959903639 
5, 91, 0,1010.2259923183304 
5, 92, 0,999.5674013787113 
5, 93, 0,990.67826474715 
5, 94, 0,1073.2526367180387 
5, 95, 0,1098.8374205348473 
5, 96, 0,1063.6396253079577 
5, 97, 0,1072.5333504739085 
5, 98, 0,1043.230917618313 
5, 99, 0,1086.1165878598129 
5, 100, 0,1083.252094856087 
5, 101, 0,1011.9048144639661 
5, 102, 0,1054.722573509597 
5, 103, 0,959.1882932032593 
5, 104, 0,1064.3564897973504 
5, 105, 0,1034.066211271275 
5, 106, 0,1016.9918804240694 
5, 107, 0,1124.7004359859877 
5, 108, 0,987.5191393107531 
5, 109, 0,1096.0824823346134 
5, 110, 0,952.5703876535022 
5, 111, 0,894.9947181154453 
5, 112, 0,921.4079860559473 
5, 113, 0,1051.7190545468736 
5, 114, 0,1000.3712240256543 
5, 115, 0,1008.4982534802563 
5, 116, 0,975.5502772457929 
5, 117, 0,1004.9513782901503 
5, 118, 0,1126.2939808562999 
5, 119, 0,1047.073960514671 
5, 120, 0,1042.3554522757047 
5, 121, 0,966.4507804907145 
5, 122, 0,865.737263897662 
5, 123, 0,1022.4084212280236 
5, 124, 0,926.7829608736107 
5, 125, 0,990.1810874070388 
5, 126, 0,1042.4460114886942 
5, 127, 0,1094.7426015444742 
5, 128, 0,965.6555788528832 
5, 129, 0,1036.489822195641 
5, 130, 0,972.460894802044 
5, 131, 0,1071.5179971338878 
5, 132, 0,1123.3355813303647 
5, 133, 0,1126.4437469982756 
5, 134, 0,1025.100591270058 
5, 135, 0,1174.4252839047479 
5, 136, 0,1109.8534756325887 
5, 137, 0,1057.1148987176887 
5, 138, 0,1076.613864921595 
5, 139, 0,1121.8510857443864 
5, 140, 0,1198.7621393198347 
5, 141, 0,1159.5792688764666 
5, 142, 0,1213.5573011738354 
5, 143, 0,1162.6593515199402 
5, 144, 0,1355.2772126883574 
5, 145, 0,1379.701490185541 
5, 146, 0,1458.7655636520112 
5, 147, 0,1376.7429724248502 
5, 148, 0,1180.6189268790547 
5, 149, 0,1221.3157336299737 
5, 150, 0,1355.6753097458643 
5, 151, 0,1308.7179747270752 
5, 152, 0,1221.7920726076384 
5, 153, 0,1161.1461770356239 
5, 154, 0,1319.2458666092748 
5, 155, 0,1268.349356805565 
5, 156, 0,1223.3131036226782 
5, 157, 0,1253.9983084421435 
5, 158, 0,1344.9063314610578 
5, 159, 0,1382.2828833842116 
5, 160, 0,1523.1098271150854 
5, 161, 0,1332.6615732011142 
5, 162, 0,1402.7443340347759 
5, 163, 0,1323.8553241166194 
5, 164, 0,1270.474324849192 
5, 165, 0,1383.1021018863446 
5, 166, 0,1382.7363114747175 
5, 167, 0,1431.169035467442 
5, 168, 240,1473.0284341032823 
5, 169, 240,1653.4380312646506 
5, 170, 390,1558.692147962904 
5, 171, 0,1715.7796354939517 
5, 172, 20,1573.5370791290363 
5, 173, 240,1669.1729640269111 
5, 174, 0,1406.2695116491502 
5, 175, 0,1478.2808060088385 
5, 176, 330,1575.3267289772948 
5, 177, 330,1308.9858014061224 
5, 178, 0,1204.8295533083726 
5, 179, 0,1252.1957240436222 
5, 180, 150,1387.3857546923396 
5, 181, 770,1557.1013733436519 
5, 182, 0,1358.1026426153467 
5, 183, 130,1434.5123375086903 
5, 184, 40,1336.132652339005 
5, 185, 0,1314.3416026607574 
5, 186, 0,1327.9341098111759 
5, 187, 910,1394.3174717836723 
5, 188, 310,1218.8693220531986 
5, 189, 310,1387.8775707947555 
5, 190, 500,1341.6445509187972 
5, 191, 1090,1476.533696728848 
5, 192, 650,1382.2994456975514 
5, 193, 710,1462.949072900007 
5, 194, 900,1376.6347637362906 
5, 195, 0,1452.9834823562173 
5, 196, 0,1351.8064046140466 
5, 197, 190,1268.640483654718 
5, 198, 270,1340.991582465164 
5, 199, 0,1451.4207738027808 
6, 0, 0,0.0 
6, 1, 0,125.40987346950145 
6, 2, 0,219.17833244675765 
6, 3, 0,188.75827629189368 
6, 4, 0,288.10791679017035 
6, 5, 0,209.6678469880541 
6, 6, 0,202.69823817087251 
6, 7, 0,244.27207880731783 
6, 8, 0,265.6097235654698 
6, 9, 0,250.4613117566637 
6, 10, 0,232.91737816338448 
6, 11, 0,278.01526010002556 
6, 12, 0,271.4043351372876 
6, 13, 0,329.536236722354 
6, 14, 0,309.4712989090989 
6, 15, 0,441.78956551962636 
6, 16, 0,330.63031325092385 
6, 17, 0,427.1478820400648 
6, 18, 0,409.9581156236044 
6, 19, 0,443.4905622308989 
6, 20, 0,381.891557403619 
6, 21, 0,465.13188093987566 
6, 22, 0,465.4315256302532 
6, 23, 0,513.3436047772063 
6, 24, 0,480.6478267227819 
6, 25, 0,530.4004490605531 
6, 26, 0,562.3952742017348 
6, 27, 0,509.1555694867669 
6, 28, 0,578.1703639040743 
6, 29, 0,657.0652843354212 
6, 30, 0,620.9693546334951 
6, 31, 0,728.1408177715698 
6, 32, 0,704.1083192609822 
6, 33, 0,757.5750454542108 
6, 34, 0,815.846904582699 
6, 35, 0,790.5970381728462 
6, 36, 0,844.2821288712164 
6, 37, 0,724.7501206441689 
6, 38, 0,747.0134746529886 
6, 39, 0,953.406566375584 
6, 40, 0,752.7543699070377 
6, 41, 0,750.2982302680944 
6, 42, 0,798.9514529947512 
6, 43, 0,721.7555127617801 
6, 44, 0,736.4760757153012 
6, 45, 0,768.2689120432515 
6, 46, 0,857.8267113273325 
6, 47, 0,757.657067757724 
6, 48, 0,802.3210269605491 
6, 49, 0,889.412761661345 
6, 50, 0,1013.8231471698473 
6, 51, 0,965.7017964133439 
6, 52, 0,894.1820934024659 
6, 53, 0,890.020406076357 
6, 54, 0,842.7793365413097 
6, 55, 0,807.5378716452957 
6, 56, 0,831.348733788485 
6, 57, 0,774.0343217927299 
6, 58, 0,786.237710475488 
6, 59, 0,771.498731644643 
6, 60, 0,834.2640317953752 
6, 61, 0,814.5788959810939 
6, 62, 0,806.8681128382453 
6, 63, 0,952.8940023937499 
6, 64, 0,936.2821382597461 
6, 65, 0,865.7931436993294 
6, 66, 0,841.8270414264249 
6, 67, 0,915.3340782181524 
6, 68, 0,917.9413231395963 
6, 69, 0,969.4360747518647 
6, 70, 0,1030.8869330275113 
6, 71, 0,1130.118698512361 
6, 72, 0,1067.0396317651823 
6, 73, 0,827.1231083482292 
6, 74, 0,953.093400618759 
6, 75, 0,965.7986907793523 
6, 76, 0,920.8227052725484 
6, 77, 0,1097.2193458599302 
6, 78, 0,891.1489066016823 
6, 79, 0,837.5980268275795 
6, 80, 0,942.8849132295837 
6, 81, 0,924.8125062504138 
6, 82, 0,995.921480820449 
6, 83, 0,1073.5906147507103 
6, 84, 0,1043.0358323062287 
6, 85, 0,1017.8751684690312 
6, 86, 0,1026.2501910087299 
6, 87, 0,1104.7628019103686 
6, 88, 0,1025.5507315731888 
6, 89, 0,929.2883994180328 
6, 90, 0,1029.3999625161655 
6, 91, 0,1125.7087733620283 
6, 92, 0,1072.019575239636 
6, 93, 0,1057.0804992138403 
6, 94, 0,1026.262297383229 
6, 95, 0,1127.0837313055927 
6, 96, 0,1177.4259675626784 
6, 97, 0,1220.429945767168 
6, 98, 0,1089.2691044081723 
6, 99, 0,1133.9279144423226 
6, 100, 0,1196.4856746726932 
6, 101, 0,1151.0288941427643 
6, 102, 0,1140.134898096969 
6, 103, 0,1108.8338537181821 
6, 104, 0,1078.1044485671146 
6, 105, 0,1241.9361554208067 
6, 106, 0,1255.6796662534693 
6, 107, 0,1221.908574999196 
6, 108, 0,1238.4209724687744 
6, 109, 0,1333.5620106930298 
6, 110, 0,1150.6843418355247 
6, 111, 0,1162.1528742081666 
6, 112, 0,1134.0631295559265 
6, 113, 0,1162.0518078125451 
6, 114, 0,1213.7835120569953 
6, 115, 0,1189.2275907606006 
6, 116, 0,1166.6741947809066 
6, 117, 0,1221.9896468340871 
6, 118, 0,1096.8341725257296 
6, 119, 0,1059.369528530908 
6, 120, 0,1214.0496179100237 
6, 121, 0,1101.8509450241013 
6, 122, 0,1216.6333909936914 
6, 123, 0,1141.3321783837262 
6, 124, 0,1119.1203255371172 
6, 125, 0,1115.1087775901442 
6, 126, 0,1196.2225520108682 
6, 127, 120,1225.5088244430879 
6, 128, 0,1169.9138533423836 
6, 129, 0,1151.867605151729 
6, 130, 0,1182.2255121660003 
6, 131, 330,1262.446062454179 
6, 132, 0,1124.5167581650082 
6, 133, 170,1096.5744411805817 
6, 134, 0,1236.9639069393686 
6, 135, 330,1123.6604100758009 
6, 136, 330,1155.8507252192642 
6, 137, 330,1091.1382065799849 
6, 138, 0,1199.6306502293517 
6, 139, 0,1204.583234017794 
6, 140, 0,1138.5489435986917 
6, 141, 0,1140.4058244521748 
6, 142, 0,1141.8044331830051 
6, 143, 0,1183.5242526309532 
6, 144, 0,1140.7016979194707 
6, 145, 0,1048.0800917811 
6, 146, 0,1152.8036049193945 
6, 147, 0,1178.8185276844445 
6, 148, 0,1117.5083033610122 
6, 149, 0,1034.5553819800264 
6, 150, 0,1148.8911826169394 
6, 151, 140,1208.3308923695304 
6, 152, 140,1091.1080643459693 
6, 153, 140,1011.2951192316801 
6, 154, 140,1234.0461330865464 
6, 155, 140,1152.6205714883722 
6, 156, 230,1250.825279080927 
6, 157, 330,1128.4794632557116 
6, 158, 10,1117.8376447409526 
6, 159, 0,1097.4703465771463 
6, 160, 0,1133.7280774221626 
6, 161, 0,1081.051765269323 
6, 162, 0,969.3568158132672 
6, 163, 0,1200.1545817943704 
6, 164, 0,1311.2481523997344 
6, 165, 180,1360.3798155016277 
6, 166, 180,1429.5819265954942 
6, 167, 420,1398.101436328075 
6, 168, 470,1312.0594152289405 
6, 169, 420,1329.1016180530032 
6, 170, 420,1404.7364719247364 
6, 171, 420,1269.903265225467 
6, 172, 1360,1354.531381189178 
6, 173, 800,1246.2699863143134 
6, 174, 420,1272.958770071926 
6, 175, 420,1218.5172476531807 
6, 176, 1060,1253.0529022182486 
6, 177, 420,1168.1496159535923 
6, 178, 660,1361.0049020610995 
6, 179, 950,1313.812110853855 
6, 180, 1040,1245.4768913427044 
6, 181, 660,1319.8776955889252 
6, 182, 660,1404.3419645995605 
6, 183, 660,1349.0021564778235 
6, 184, 700,1136.7008792505128 
6, 185, 1540,1251.815344436094 
6, 186, 660,1180.0936232333263 
6, 187, 910,1382.5054696952825 
6, 188, 660,1295.4406254789967 
6, 189, 660,1485.2438462516122 
6, 190, 660,1457.8613469979603 
6, 191, 660,1285.6281371651396 
6, 192, 1100,1344.0111230900952 
6, 193, 1110,1293.8629460774905 
6, 194, 450,1326.501935105405 
6, 195, 110,1145.030276164492 
6, 196, 510,1283.912624076353 
6, 197, 590,1251.9517046224548 
6, 198, 590,1197.180505026774 
6, 199, 690,1276.4130771166297 
7, 0, 0,0.0 
7, 1, 0,86.0 
7, 2, 0,137.6988369485004 
7, 3, 0,171.35219799458588 
7, 4, 0,166.41848187960107 
7, 5, 0,194.71387970428546 
7, 6, 0,238.4906240877779 
7, 7, 0,299.6395140562045 
7, 8, 0,334.7699949143434 
7, 9, 0,311.77010113158053 
7, 10, 0,336.49487065897154 
7, 11, 0,425.6423665971519 
7, 12, 0,505.0360123173136 
7, 13, 0,477.01151967116044 
7, 14, 0,474.3979065482622 
7, 15, 0,466.3212032992545 
7, 16, 0,556.1470628849492 
7, 17, 0,536.8056943954242 
7, 18, 0,482.2235011387407 
7, 19, 0,529.678232800849 
7, 20, 0,540.269395951705 
7, 21, 0,487.3916973714947 
7, 22, 0,578.4887573879396 
7, 23, 0,595.3405866740602 
7, 24, 0,591.018800227389 
7, 25, 0,494.6305120333191 
7, 26, 0,541.129794546054 
7, 27, 0,550.603883353211 
7, 28, 0,607.9418748797644 
7, 29, 0,660.5617749959943 
7, 30, 0,685.96922509525 
7, 31, 0,714.1717743178621 
7, 32, 0,718.7676321947929 
7, 33, 0,855.588987278071 
7, 34, 0,791.7277552188242 
7, 35, 0,766.9817797738422 
7, 36, 0,798.4336370214326 
7, 37, 0,824.75279430698 
7, 38, 0,759.415052670292 
7, 39, 0,743.2944615464698 
7, 40, 0,792.2151273996275 
7, 41, 0,873.1752054392861 
7, 42, 0,848.1081501456251 
7, 43, 0,893.230766386941 
7, 44, 0,947.607641602917 
7, 45, 0,838.2547044275681 
7, 46, 0,895.4981628099299 
7, 47, 0,935.9151034191514 
7, 48, 0,1003.0105994585813 
7, 49, 0,1093.5080976362085 
7, 50, 0,1035.872593663444 
7, 51, 0,994.1809023848058 
7, 52, 0,1084.4488429286523 
7, 53, 0,1074.2651517021372 
7, 54, 0,1110.005419042191 
7, 55, 0,1139.5248699756094 
7, 56, 0,1014.9921629791488 
7, 57, 0,1080.4838562590205 
7, 58, 0,1170.9047309191678 
7, 59, 0,1138.6362390370705 
7, 60, 0,1063.269566816041 
7, 61, 0,1040.4984964968096 
7, 62, 0,1112.884190840279 
7, 63, 0,1035.623093562128 
7, 64, 0,1103.398327299289 
7, 65, 0,1127.8652222654796 
7, 66, 0,1065.0296671544845 
7, 67, 0,1130.6071087444277 
7, 68, 0,1242.5866268604877 
7, 69, 90,1093.4211716378363 
7, 70, 0,1141.9704572590856 
7, 71, 0,1245.2790649067178 
7, 72, 0,1217.852369517502 
7, 73, 0,1203.6804628162977 
7, 74, 0,1224.7885655504097 
7, 75, 0,1169.120795445635 
7, 76, 280,1301.201383492978 
7, 77, 0,1229.6223613431694 
7, 78, 0,1260.6281262637576 
7, 79, 0,1181.9597619157257 
7, 80, 0,1184.8500736252233 
7, 81, 0,1104.251215745198 
7, 82, 0,1238.9034374287316 
7, 83, 70,1168.5299579498433 
7, 84, 0,1070.7543078964418 
7, 85, 710,1151.7766513284832 
7, 86, 0,1230.5616521726897 
7, 87, 330,1321.1334130016903 
7, 88, 180,1340.7018966785927 
7, 89, 0,1149.5632679721057 
7, 90, 0,1111.0896053474314 
7, 91, 0,1280.483948128262 
7, 92, 0,1210.9959170497277 
7, 93, 0,1132.7917199591816 
7, 94, 0,1138.3616439090138 
7, 95, 0,1332.2652502297344 
7, 96, 0,1157.5456227237303 
7, 97, 230,1193.0661796777702 
7, 98, 0,1319.026638369094 
7, 99, 140,1509.127662933227 
7, 100, 0,1396.548573874865 
7, 101, 0,1283.6708529003292 
7, 102, 0,1440.4651710787418 
7, 103, 0,1431.0048175596014 
7, 104, 0,1404.7255708119396 
7, 105, 30,1481.280973763021 
7, 106, 220,1554.465769414955 
7, 107, 0,1399.0649510918845 
7, 108, 220,1558.149135119205 
7, 109, 220,1513.5667421122475 
7, 110, 610,1654.2423454179068 
7, 111, 610,1598.6762200538471 
7, 112, 610,1459.8843319339594 
7, 113, 610,1447.866765872182 
7, 114, 610,1311.6889567240853 
7, 115, 0,1273.307139187977 
7, 116, 0,1320.7958115309027 
7, 117, 0,1314.5303574303869 
7, 118, 0,1376.8715674060936 
7, 119, 0,1340.3098390471007 
7, 120, 0,1315.4681004236945 
7, 121, 0,1262.9781182873785 
7, 122, 420,1299.0533110886963 
7, 123, 30,1253.485141515447 
7, 124, 0,1322.9306463112475 
7, 125, 0,1319.864773452955 
7, 126, 30,1462.6442223630875 
7, 127, 30,1382.9608516410424 
7, 128, 0,1288.764046548773 
7, 129, 0,1353.2989397032793 
7, 130, 0,1288.719021808756 
7, 131, 0,1339.7914205222582 
7, 132, 0,1537.2942910756344 
7, 133, 0,1618.732747265807 
7, 134, 320,1374.8934173567452 
7, 135, 0,1353.1823919407855 
7, 136, 10,1373.9619626275958 
7, 137, 0,1401.6851330171166 
7, 138, 0,1472.4981144197425 
7, 139, 710,1501.3383221565211 
7, 140, 0,1385.8222188369698 
7, 141, 210,1322.5279436050346 
7, 142, 0,1394.3647914793214 
7, 143, 70,1389.5231214522862 
7, 144, 70,1406.245937367869 
7, 145, 0,1398.3156209374104 
7, 146, 0,1355.7949660250956 
7, 147, 260,1482.58101453056 
7, 148, 0,1479.5115048316768 
7, 149, 0,1356.6498063132199 
7, 150, 0,1332.608359723156 
7, 151, 0,1328.475620682395 
7, 152, 0,1282.5582822915876 
7, 153, 0,1245.6564493868243 
7, 154, 0,1317.2624313823396 
7, 155, 0,1319.5870604477032 
7, 156, 0,1301.6332359032942 
7, 157, 0,1313.9452658372652 
7, 158, 0,1354.9787690759088 
7, 159, 0,1466.0768063168457 
7, 160, 0,1223.9085056911035 
7, 161, 0,1308.337564169959 
7, 162, 0,1272.7507948764305 
7, 163, 70,1405.5182551843877 
7, 164, 220,1344.3212811938622 
7, 165, 320,1485.244934396854 
7, 166, 460,1388.7535978551255 
7, 167, 510,1360.0820682308963 
7, 168, 750,1395.159666471725 
7, 169, 70,1479.514580509227 
7, 170, 310,1475.0426256467124 
7, 171, 990,1341.3453633715606 
7, 172, 160,1340.6851708259949 
7, 173, 160,1261.235289129453 
7, 174, 350,1246.1253848419408 
7, 175, 140,1165.087086526977 
7, 176, 70,1329.8806964035032 
7, 177, 270,1306.6792632355107 
7, 178, 0,1296.9219932461847 
7, 179, 0,1078.7391208763547 
7, 180, 220,1216.7408819207867 
7, 181, 0,1148.8980183487379 
7, 182, 0,1245.851211992926 
7, 183, 0,1119.562951343158 
7, 184, 170,1192.8341430933694 
7, 185, 270,1243.4047871254415 
7, 186, 0,1196.634552620495 
7, 187, 410,1140.6355618024913 
7, 188, 270,1201.6142803694866 
7, 189, 120,1192.830853241332 
7, 190, 120,1222.5245613198547 
7, 191, 700,1111.415441150735 
7, 192, 310,1133.84443021042 
7, 193, 760,1316.7616958418723 
7, 194, 1110,1160.623413114998 
7, 195, 1350,1256.9972678224608 
7, 196, 1050,1236.3982229268067 
7, 197, 1090,1429.0387353289998 
7, 198, 1280,1365.2152344460694 
7, 199, 1280,1343.4958770748692 
8, 0, 0,0.0 
8, 1, 0,127.60592747702877 
8, 2, 0,124.31208690024856 
8, 3, 0,191.50681080801954 
8, 4, 0,194.47092171823374 
8, 5, 0,159.07621577169363 
8, 6, 0,286.82314263586744 
8, 7, 0,262.7135783366064 
8, 8, 0,277.7037699390915 
8, 9, 0,253.57442674487092 
8, 10, 0,259.8090013292788 
8, 11, 0,327.1587357596284 
8, 12, 0,368.96057931831837 
8, 13, 0,341.3364109709737 
8, 14, 0,453.67833351729536 
8, 15, 0,492.8365639721537 
8, 16, 0,638.9008553995706 
8, 17, 0,483.13382507261167 
8, 18, 0,508.9118020072066 
8, 19, 0,520.0468024780815 
8, 20, 0,613.7803048536688 
8, 21, 0,646.7001787630194 
8, 22, 0,509.4367656361466 
8, 23, 0,559.55971147597 
8, 24, 0,560.1491413954507 
8, 25, 0,519.7287073973587 
8, 26, 0,632.8117389632536 
8, 27, 0,628.6234681003125 
8, 28, 0,603.7252284898748 
8, 29, 0,682.674323761508 
8, 30, 0,622.1534043834033 
8, 31, 0,677.1539072776692 
8, 32, 0,727.1582712966631 
8, 33, 0,625.4673888744757 
8, 34, 0,647.4321929317729 
8, 35, 0,635.7842210668457 
8, 36, 0,609.3456997617869 
8, 37, 0,576.1389685753873 
8, 38, 0,613.2529262181727 
8, 39, 0,685.346657104301 
8, 40, 0,673.4945801526168 
8, 41, 0,667.9568954217137 
8, 42, 0,666.18445439137 
8, 43, 0,763.3035325663591 
8, 44, 0,808.2474556068516 
8, 45, 0,965.3035059430058 
8, 46, 0,902.1775005087649 
8, 47, 0,987.8388358718064 
8, 48, 0,982.6205480317117 
8, 49, 0,1016.1632086759817 
8, 50, 0,949.579917754172 
8, 51, 0,955.6600976404854 
8, 52, 0,1026.3645757839865 
8, 53, 0,994.4861065704317 
8, 54, 0,1009.7411359433474 
8, 55, 0,1105.766081168448 
8, 56, 0,1013.87523389172 
8, 57, 0,1091.279278941218 
8, 58, 0,1026.2405451772293 
8, 59, 0,1024.4650538035187 
8, 60, 0,1039.2774247796233 
8, 61, 0,1117.0151242838156 
8, 62, 0,1029.6991028568698 
8, 63, 0,1010.4349048650769 
8, 64, 0,1046.5281514212468 
8, 65, 0,1005.1282444936008 
8, 66, 0,976.5196652221892 
8, 67, 0,928.0461717876417 
8, 68, 0,1020.7708713110752 
8, 69, 0,1030.0053937291352 
8, 70, 0,966.9068196986708 
8, 71, 0,1104.4262233523264 
8, 72, 0,1088.8030867040015 
8, 73, 0,1029.407989128124 
8, 74, 0,1108.178485423515 
8, 75, 0,1054.6638317396676 
8, 76, 0,1080.728687020704 
8, 77, 0,1039.888319566922 
8, 78, 0,1073.193567975244 
8, 79, 0,1032.1913729067057 
8, 80, 0,1092.682529882816 
8, 81, 0,1007.5753274093408 
8, 82, 0,919.0644342718492 
8, 83, 0,841.2402820367153 
8, 84, 0,889.9704398677429 
8, 85, 0,980.1474791112207 
8, 86, 0,998.7227954854251 
8, 87, 0,1097.5333408801002 
8, 88, 0,1044.9334230398886 
8, 89, 0,975.8521994398102 
8, 90, 0,998.5306123691871 
8, 91, 0,944.9819569652634 
8, 92, 0,1046.3837872898405 
8, 93, 0,933.8408576811937 
8, 94, 0,964.4994043596404 
8, 95, 0,1014.180985183153 
8, 96, 0,907.0446794425567 
8, 97, 0,1001.0066599845045 
8, 98, 0,915.6472347939782 
8, 99, 0,1034.7111586419574 
8, 100, 0,1061.667351695702 
8, 101, 0,1146.767415411907 
8, 102, 0,1149.8918877596072 
8, 103, 0,1129.2242800911938 
8, 104, 0,1196.97293286866 
8, 105, 0,1214.9353559724564 
8, 106, 0,1109.3520312745316 
8, 107, 0,1215.3831960049938 
8, 108, 0,1238.6563712590373 
8, 109, 0,1240.6045935654752 
8, 110, 0,1176.5069167890706 
8, 111, 0,1113.4907301188484 
8, 112, 0,1120.5139693710005 
8, 113, 110,1098.739295922395 
8, 114, 0,1208.9275445951291 
8, 115, 0,1148.7210455128088 
8, 116, 0,1230.0799473073598 
8, 117, 410,1381.4558964872508 
8, 118, 650,1391.5720925948785 
8, 119, 890,1402.6754234085458 
8, 120, 830,1309.8808489262824 
8, 121, 830,1392.4325636972314 
8, 122, 830,1343.5483360538733 
8, 123, 650,1347.1852099466464 
8, 124, 840,1467.8294151294256 
8, 125, 840,1469.9912011005817 
8, 126, 640,1427.3275727736784 
8, 127, 110,1373.2385190865534 
8, 128, 240,1287.2155211850882 
8, 129, 350,1213.690273837638 
8, 130, 320,1260.5197380846562 
8, 131, 320,1383.1660176288428 
8, 132, 940,1315.354559106257 
8, 133, 940,1248.5749452633565 
8, 134, 110,1149.4816530537016 
8, 135, 0,1143.590199964369 
8, 136, 0,1202.7729703405453 
8, 137, 0,1165.0891976084226 
8, 138, 0,1109.6104467038617 
8, 139, 0,1100.5637260747399 
8, 140, 0,1164.5739629373118 
8, 141, 0,1177.898745455421 
8, 142, 0,1153.394966824006 
8, 143, 0,1013.6289241924759 
8, 144, 0,1305.7510706814903 
8, 145, 0,1025.3516962535834 
8, 146, 0,1001.7934372459679 
8, 147, 0,1045.6011320158022 
8, 148, 0,1140.2116762543114 
8, 149, 0,1043.2673761705664 
8, 150, 0,1133.4530195269442 
8, 151, 0,991.4761721796444 
8, 152, 0,1005.5650153023423 
8, 153, 0,981.1556574990658 
8, 154, 0,975.7070422638305 
8, 155, 0,1034.030380734932 
8, 156, 0,1058.2686976206169 
8, 157, 0,1204.5150581261014 
8, 158, 0,1034.3103103913343 
8, 159, 0,1068.8999537426835 
8, 160, 180,1112.6322597581582 
8, 161, 290,1084.7001121661845 
8, 162, 670,1323.3119263973458 
8, 163, 530,1256.8193139345003 
8, 164, 300,1216.9581386026025 
8, 165, 690,1231.5423974706177 
8, 166, 690,1190.7626959137567 
8, 167, 690,1234.2457681359965 
8, 168, 580,1200.1636041672305 
8, 169, 290,1306.9559783301538 
8, 170, 130,1278.9707983493224 
8, 171, 330,1207.659808108729 
8, 172, 690,1246.8653665990737 
8, 173, 690,1225.130312590576 
8, 174, 650,1181.3460735341466 
8, 175, 530,1194.7095331865685 
8, 176, 50,1296.1332197086545 
8, 177, 690,1179.9171816511341 
8, 178, 690,1300.7240058497957 
8, 179, 690,1306.3206870342892 
8, 180, 690,1278.267941119126 
8, 181, 690,1236.5420994193298 
8, 182, 810,1323.1327838264622 
8, 183, 810,1579.4515446249632 
8, 184, 810,1425.136449253158 
8, 185, 810,1362.0706162443867 
8, 186, 1450,1619.9335159072411 
8, 187, 1450,1705.9135293727434 
8, 188, 1210,1616.9182684565992 
8, 189, 520,1642.520064296373 
8, 190, 1420,1727.8245795733367 
8, 191, 1140,1934.748969700611 
8, 192, 1140,1796.4323201301186 
8, 193, 1140,1804.9521412833174 
8, 194, 1140,1874.774413365539 
8, 195, 1480,1684.67486597278 
8, 196, 630,1570.2297682990618 
8, 197, 1360,1697.7713823323406 
8, 198, 230,1635.3512086880835 
8, 199, 420,1649.0721480562788 
9, 0, 0,0.0 
9, 1, 0,86.0 
9, 2, 0,161.7693831765867 
9, 3, 0,200.58850284786382 
9, 4, 0,216.92059711918887 
9, 5, 0,208.68167242007718 
9, 6, 0,256.8979477449276 
9, 7, 0,267.9566526077822 
9, 8, 0,300.67372161312477 
9, 9, 0,338.23899266881716 
9, 10, 0,369.7006569612445 
9, 11, 0,367.20258356081507 
9, 12, 0,326.3413810256017 
9, 13, 0,365.28090754122564 
9, 14, 0,326.9819134404405 
9, 15, 0,346.4593785858611 
9, 16, 0,406.4661204463505 
9, 17, 0,406.5843309595418 
9, 18, 0,486.12718126395316 
9, 19, 0,476.77446333553655 
9, 20, 0,490.6242055902981 
9, 21, 0,426.79003898139115 
9, 22, 0,437.56908834000956 
9, 23, 0,544.4525004557562 
9, 24, 0,490.21886474669185 
9, 25, 0,471.2886267426466 
9, 26, 0,464.2270756620921 
9, 27, 0,529.7034047178638 
9, 28, 0,605.0768045413238 
9, 29, 0,495.07696575401485 
9, 30, 0,536.3349153412831 
9, 31, 0,647.5278473790244 
9, 32, 0,637.111505709221 
9, 33, 0,573.7592146219844 
9, 34, 0,504.0510235516186 
9, 35, 0,565.6052358564964 
9, 36, 0,477.81551530550644 
9, 37, 0,559.4810997791624 
9, 38, 0,610.9242790620411 
9, 39, 0,607.4989628789418 
9, 40, 0,579.466238198673 
9, 41, 0,615.4673349610363 
9, 42, 0,675.2845715143005 
9, 43, 0,654.4980341969537 
9, 44, 0,579.4292820778847 
9, 45, 0,624.4170695678304 
9, 46, 0,696.3427113980383 
9, 47, 0,736.5528501133514 
9, 48, 0,811.4807266330912 
9, 49, 0,851.4350571627037 
9, 50, 0,855.4628908233002 
9, 51, 0,874.9523450226338 
9, 52, 0,895.8719921186432 
9, 53, 0,803.6684765511337 
9, 54, 0,746.7767437798964 
9, 55, 0,787.3775101146485 
9, 56, 0,917.7560413939815 
9, 57, 0,919.9844311374804 
9, 58, 0,822.2628238678625 
9, 59, 0,818.427730160061 
9, 60, 0,888.9399600227523 
9, 61, 0,864.603862114806 
9, 62, 0,898.0857926217801 
9, 63, 0,855.8883623983264 
9, 64, 0,770.3102549550337 
9, 65, 0,776.7322055843437 
9, 66, 0,886.0102605603288 
9, 67, 0,827.7429150003843 
9, 68, 0,798.7770703273899 
9, 69, 0,795.826607936044 
9, 70, 0,895.2758787043796 
9, 71, 0,933.4621988959578 
9, 72, 0,932.5342033427194 
9, 73, 0,959.2618110934169 
9, 74, 0,1079.2764645208783 
9, 75, 0,998.6298643945144 
9, 76, 0,1045.2654198718133 
9, 77, 0,1056.4503936974204 
9, 78, 0,1015.6729917954037 
9, 79, 0,1015.7860070512943 
9, 80, 0,1072.8459085229078 
9, 81, 0,1100.3239697397482 
9, 82, 0,1207.905775976075 
9, 83, 0,1208.165401078692 
9, 84, 0,1217.919885905821 
9, 85, 0,1166.4783224593918 
9, 86, 0,1151.4709257854897 
9, 87, 0,1212.1583179926572 
9, 88, 0,1124.724361294308 
9, 89, 0,1035.2963709767246 
9, 90, 0,1129.3649373059895 
9, 91, 0,1114.7002133562933 
9, 92, 0,1050.2462385632057 
9, 93, 0,1221.1795713385256 
9, 94, 0,1182.9694532289188 
9, 95, 0,1275.838975305697 
9, 96, 0,1227.6483390794142 
9, 97, 0,1203.7304641417988 
9, 98, 0,1151.0222246404114 
9, 99, 0,1267.6567741189635 
9, 100, 0,1166.3448690397508 
9, 101, 0,1170.8541775347198 
9, 102, 0,1182.2057965745835 
9, 103, 0,1157.1970664087644 
9, 104, 0,1229.4010819102202 
9, 105, 0,1208.1609866640165 
9, 106, 0,1313.2418788339155 
9, 107, 0,1438.6793151071477 
9, 108, 0,1382.2202020187258 
9, 109, 0,1461.5913943508303 
9, 110, 0,1520.3353032615648 
9, 111, 0,1623.3295221161159 
9, 112, 0,1535.8328606191417 
9, 113, 0,1595.3399656689498 
9, 114, 0,1548.921328805399 
9, 115, 0,1685.8496613897933 
9, 116, 0,1608.861935429118 
9, 117, 0,1613.128245792546 
9, 118, 0,1603.4749480708792 
9, 119, 0,1604.350776526572 
9, 120, 0,1732.3151176003362 
9, 121, 0,1841.0873900436607 
9, 122, 0,1804.0024272643752 
9, 123, 0,1845.6079970535127 
9, 124, 0,1794.8120635415685 
9, 125, 0,1830.6653065611051 
9, 126, 0,1660.0596800760331 
9, 127, 0,1741.1191657939296 
9, 128, 0,1651.3799891868828 
9, 129, 0,1725.0181055996093 
9, 130, 0,1868.6021864787408 
9, 131, 0,1697.9673260708053 
9, 132, 0,1908.8305452567156 
9, 133, 0,1674.1833257086298 
9, 134, 0,1773.5452681512863 
9, 135, 0,1623.414222364008 
9, 136, 0,1675.540847402155 
9, 137, 0,1705.0513188757693 
9, 138, 0,1551.60582831615 
9, 139, 220,1581.84790289041 
9, 140, 0,1540.7377742136684 
9, 141, 0,1462.4781065442353 
9, 142, 0,1419.3654116249177 
9, 143, 0,1410.3702322153542 
9, 144, 0,1432.4377610890951 
9, 145, 0,1473.5574901467796 
9, 146, 0,1398.355079832347 
9, 147, 0,1570.3423643951471 
9, 148, 0,1459.149385530121 
9, 149, 0,1484.29944363792 
9, 150, 20,1417.9364861614497 
9, 151, 0,1436.9015873459016 
9, 152, 0,1555.585193079856 
9, 153, 310,1721.3856175896337 
9, 154, 310,1466.9710290254543 
9, 155, 650,1659.1194299471883 
9, 156, 310,1390.3897571428224 
9, 157, 310,1419.2239877033953 
9, 158, 310,1413.0277685691372 
9, 159, 310,1597.7174722747827 
9, 160, 310,1625.5556159682942 
9, 161, 470,1737.5283036718008 
9, 162, 310,1635.7553347464636 
9, 163, 950,1767.263032562676 
9, 164, 310,1417.953412065389 
9, 165, 310,1436.1114584920354 
9, 166, 310,1518.2146479242376 
9, 167, 310,1463.655462576939 
9, 168, 310,1527.6515911157178 
9, 169, 860,1414.0707053029419 
9, 170, 950,1620.3905097353552 
9, 171, 470,1410.3807065376843 
9, 172, 470,1559.065049407121 
9, 173, 470,1600.8263144041857 
9, 174, 310,1631.2679086829944 
9, 175, 310,1523.4033005614817 
9, 176, 410,1524.7309549059746 
9, 177, 310,1381.6383884228305 
9, 178, 310,1311.315955578035 
9, 179, 450,1306.790022006658 
9, 180, 310,1292.2983792491968 
9, 181, 760,1282.7907511013286 
9, 182, 420,1438.0977755775898 
9, 183, 420,1206.0139662825995 
9, 184, 420,1315.6267469817333 
9, 185, 420,1347.0719274700136 
9, 186, 610,1411.4332961549935 
9, 187, 520,1377.2962057538089 
9, 188, 420,1280.8671936140638 
9, 189, 420,1435.3973123997566 
9, 190, 1060,1424.6709916129528 
9, 191, 660,1439.5035479798112 
9, 192, 420,1338.020832227491 
9, 193, 610,1161.156942210847 
9, 194, 420,1398.4965809284938 
9, 195, 580,1493.9178881604091 
9, 196, 450,1346.307974282319 
9, 197, 450,1581.8900471310012 
9, 198, 660,1461.2746062077022 
9, 199, 450,1678.0173817137097 
10, 0, 0,0.0 
10, 1, 0,86.0 
10, 2, 0,155.91149392970982 
10, 3, 0,204.47212153457127 
10, 4, 0,222.41520913041276 
10, 5, 0,178.96740857858262 
10, 6, 0,236.88080367880204 
10, 7, 0,289.4209474942767 
10, 8, 0,284.1584420741714 
10, 9, 0,281.00560762225285 
10, 10, 0,288.9300883597898 
10, 11, 0,396.90850789113057 
10, 12, 0,374.6230293794205 
10, 13, 0,276.06352657870383 
10, 14, 0,381.9668794145599 
10, 15, 0,403.6301312195149 
10, 16, 0,429.23256628498723 
10, 17, 0,542.543756090444 
10, 18, 0,494.14367313259174 
10, 19, 0,465.7416264692932 
10, 20, 0,470.1310691947749 
10, 21, 0,447.5234997497705 
10, 22, 0,476.50591695055465 
10, 23, 0,518.9992215015278 
10, 24, 0,541.6034555191677 
10, 25, 0,448.585881330758 
10, 26, 0,609.4680160814532 
10, 27, 0,607.7426688287992 
10, 28, 0,616.4469305478113 
10, 29, 0,551.3699650723082 
10, 30, 0,583.2051720683492 
10, 31, 0,627.4187620961801 
10, 32, 0,647.8097051923614 
10, 33, 0,648.6640817164852 
10, 34, 0,681.3235114633336 
10, 35, 0,750.7819156376137 
10, 36, 0,769.3793642024759 
10, 37, 0,734.1510317187721 
10, 38, 0,858.1880077032401 
10, 39, 0,830.7262491399324 
10, 40, 0,786.9124166736419 
10, 41, 0,874.0794580528128 
10, 42, 0,893.0380052315124 
10, 43, 0,822.7822901410173 
10, 44, 0,899.6435826245723 
10, 45, 0,766.8120020348184 
10, 46, 0,809.4869992904161 
10, 47, 0,827.056017791816 
10, 48, 0,857.7941819491775 
10, 49, 0,901.6949471843444 
10, 50, 0,826.7612116022988 
10, 51, 0,861.0105115561023 
10, 52, 0,969.7977452369471 
10, 53, 0,952.9200205980383 
10, 54, 0,947.9671551655823 
10, 55, 0,858.4367928232848 
10, 56, 0,892.0939842682926 
10, 57, 0,841.8990738236089 
10, 58, 0,786.1884524897849 
10, 59, 0,743.4509962589221 
10, 60, 0,712.0261600006369 
10, 61, 0,701.0168372162013 
10, 62, 0,805.3616792121626 
10, 63, 0,694.1737621959015 
10, 64, 0,715.5841789557097 
10, 65, 0,822.2875458626429 
10, 66, 0,806.5494780892618 
10, 67, 0,853.7201952145514 
10, 68, 0,850.0912547568887 
10, 69, 0,755.1839096364126 
10, 70, 0,742.5262366551179 
10, 71, 0,701.06628024241 
10, 72, 0,732.2407494475538 
10, 73, 0,813.6507329017255 
10, 74, 0,860.890800100088 
10, 75, 0,948.2993816151718 
10, 76, 0,884.0583416919675 
10, 77, 0,858.3473432219392 
10, 78, 0,855.0816075413828 
10, 79, 0,926.5079164216132 
10, 80, 0,961.7436605909439 
10, 81, 0,1053.011343190988 
10, 82, 0,1148.9657140755821 
10, 83, 0,1080.6355172823635 
10, 84, 0,1204.1183538593746 
10, 85, 0,985.893964425642 
10, 86, 0,1101.051361658529 
10, 87, 0,1134.5463383834942 
10, 88, 0,1147.941257779827 
10, 89, 0,1344.963669668171 
10, 90, 0,1236.0442115593166 
10, 91, 0,1233.7494138444874 
10, 92, 0,1242.4184464018538 
10, 93, 0,1237.1570987019745 
10, 94, 0,1082.217868615888 
10, 95, 0,1179.5799414977512 
10, 96, 0,1048.8438801120426 
10, 97, 0,1055.3627314575283 
10, 98, 0,1273.1576270966386 
10, 99, 0,1202.8311551829659 
10, 100, 0,1293.358399475934 
10, 101, 0,1179.8454743882112 
10, 102, 0,1128.2925824072192 
10, 103, 0,1191.793568153021 
10, 104, 0,1100.888764002554 
10, 105, 0,1212.8937390481585 
10, 106, 0,1236.0557136604834 
10, 107, 0,1153.8288084425346 
10, 108, 0,1168.2863043316434 
10, 109, 0,1141.640216459802 
10, 110, 0,1191.9794715539613 
10, 111, 0,1147.6310734761762 
10, 112, 0,1285.421830695388 
10, 113, 0,1272.591704540245 
10, 114, 0,1407.3900050315217 
10, 115, 0,1338.3740285899305 
10, 116, 0,1195.0845623264954 
10, 117, 0,1275.6276767524957 
10, 118, 0,1174.2114267658421 
10, 119, 0,1371.1407732986502 
10, 120, 0,1414.4078248332391 
10, 121, 0,1485.4204043898744 
10, 122, 0,1257.4468721833287 
10, 123, 0,1228.7931009118195 
10, 124, 0,1253.2876966223878 
10, 125, 0,1319.3717360083842 
10, 126, 0,1334.0909362793177 
10, 127, 0,1371.413261323272 
10, 128, 0,1322.8888040492245 
10, 129, 10,1455.6289764812038 
10, 130, 10,1706.2642281199053 
10, 131, 10,1681.7794688419115 
10, 132, 200,1752.5770347195191 
10, 133, 200,1719.4465987813073 
10, 134, 440,1762.6443518506821 
10, 135, 200,1638.0004933337523 
10, 136, 200,1528.9991312732468 
10, 137, 200,1620.5313849774616 
10, 138, 540,1701.590993479605 
10, 139, 390,1759.4400509620364 
10, 140, 250,1683.5911713724422 
10, 141, 250,1602.716440889963 
10, 142, 250,1532.9124949493096 
10, 143, 200,1505.1945711334786 
10, 144, 390,1640.6741008044544 
10, 145, 200,1441.9199602325962 
10, 146, 440,1333.278120068932 
10, 147, 0,1427.0190162458498 
10, 148, 0,1197.3852657968841 
10, 149, 0,1170.2813958422757 
10, 150, 0,1224.152248404065 
10, 151, 0,1122.9002132375294 
10, 152, 0,1156.543544228651 
10, 153, 0,1215.6524456796312 
10, 154, 250,1224.051164177892 
10, 155, 0,1187.4051626138487 
10, 156, 0,1130.9493643158673 
10, 157, 0,1117.9904229726594 
10, 158, 0,1145.2073651050753 
10, 159, 0,894.4306693211175 
10, 160, 0,988.5131933026152 
10, 161, 0,992.6959262635271 
10, 162, 0,914.9557531941259 
10, 163, 0,849.4507078403697 
10, 164, 0,997.3113907406303 
10, 165, 0,917.8638518348189 
10, 166, 0,724.1064922518042 
10, 167, 0,773.3925264702265 
10, 168, 930,1115.6457341111488 
10, 169, 0,944.3402699528096 
10, 170, 0,977.3983762307905 
10, 171, 0,1047.762329438265 
10, 172, 0,998.7621581161595 
10, 173, 0,1080.1731810270521 
10, 174, 0,1056.8314373014682 
10, 175, 0,1001.2084415516798 
10, 176, 0,1150.8823316977898 
10, 177, 0,1078.827459267091 
10, 178, 0,1100.4736170477609 
10, 179, 0,1161.0567243557557 
10, 180, 0,1133.0662564096335 
10, 181, 0,1114.035343907341 
10, 182, 0,1028.0146601163533 
10, 183, 0,918.189099381071 
10, 184, 0,1046.4856820942573 
10, 185, 0,1053.6084987730826 
10, 186, 0,1000.6906705779854 
10, 187, 0,1044.0068258997412 
10, 188, 0,1028.8140617902604 
10, 189, 0,1073.8988675744927 
10, 190, 0,1078.044600940129 
10, 191, 0,1161.363161952106 
10, 192, 0,1168.5099334821525 
10, 193, 0,1252.0742023062403 
10, 194, 0,1216.131472159058 
10, 195, 0,1324.128266697251 
10, 196, 0,1305.7368522304666 
10, 197, 0,1348.1232596585237 
10, 198, 0,1312.6345587590192 
10, 199, 220,1467.2750115762074 
